# unix_time, cycles_done, cur_path, paths_total, pending_total, pending_favs, map_size, unique_crashes, unique_hangs, max_depth, execs_per_sec, lowscore, highscore, regression, patch_dist
1629571412, 0, 0, 1, 1, 1, 0.04%, 0, 0, 1, 5.33, 19, 19, 2, 0
1629571417, 0, 0, 1, 1, 1, 0.04%, 1, 0, 1, 4.88, 19, 19, 0, 0
1629571427, 0, 0, 2, 2, 1, 0.04%, 1, 0, 2, 5.23, 16, 19, 0, 0
1629571494, 0, 1, 2, 1, 1, 0.04%, 1, 0, 2, 4.99, 16, 19, 0, 0
1629571556, 1, 0, 2, 0, 0, 0.04%, 1, 0, 2, 4.86, 16, 19, 0, 0
1629571623, 1, 1, 2, 0, 0, 0.04%, 1, 0, 2, 5.24, 16, 19, 0, 0
1629571685, 2, 0, 2, 0, 0, 0.04%, 1, 0, 2, 4.79, 16, 19, 0, 0
1629571747, 2, 1, 2, 0, 0, 0.04%, 1, 0, 2, 4.79, 16, 19, 0, 0
1629571814, 3, 0, 2, 0, 0, 0.04%, 1, 0, 2, 5.02, 16, 19, 0, 0
1629571876, 3, 1, 2, 0, 0, 0.04%, 1, 0, 2, 5.11, 16, 19, 0, 0
1629571938, 4, 0, 2, 0, 0, 0.04%, 1, 0, 2, 4.79, 16, 19, 0, 0
1629572000, 4, 1, 2, 0, 0, 0.04%, 1, 0, 2, 4.95, 16, 19, 0, 0
1629572062, 5, 0, 2, 0, 0, 0.04%, 1, 0, 2, 4.97, 16, 19, 0, 0
1629572129, 5, 1, 2, 0, 0, 0.04%, 1, 0, 2, 4.97, 16, 19, 0, 0
1629572139, 5, 1, 3, 1, 0, 0.06%, 1, 0, 3, 4.79, 16, 19, 0, 0
1629572149, 5, 1, 3, 1, 0, 0.06%, 1, 0, 3, 4.23, 16, 41, 0, 0
1629572196, 5, 1, 4, 2, 0, 0.06%, 1, 0, 3, 4.96, 16, 41, 0, 0
1629572206, 5, 1, 4, 2, 0, 0.06%, 1, 0, 3, 4.16, 16, 43, 0, 0
1629572227, 5, 2, 4, 2, 2, 0.06%, 1, 0, 3, 5.08, 16, 43, 0, 0
1629572262, 7, 1, 4, 0, 0, 0.06%, 1, 0, 3, 2431.67, 16, 43, 0, 0
