# unix_time, cycles_done, cur_path, paths_total, pending_total, pending_favs, map_size, unique_crashes, unique_hangs, max_depth, execs_per_sec, lowscore, highscore, regression, patch_dist
1629562097, 0, 0, 1, 1, 1, 0.08%, 0, 0, 1, 3.73, 20917, 20917, 2, 0
1629562128, 1, 0, 1, 0, 0, 0.08%, 1, 0, 1, 2.35, 20917, 20917, 0, 0
1629562170, 2, 0, 1, 0, 0, 0.08%, 1, 0, 1, 1.70, 20917, 20917, 0, 0
1629562186, 2, 0, 2, 1, 0, 0.08%, 1, 0, 2, 1.59, 20917, 20917, 0, 0
1629562191, 2, 0, 2, 1, 0, 0.08%, 1, 0, 2, 1.56, 20917, 21121, 0, 0
1629562564, 2, 1, 2, 1, 0, 0.08%, 1, 0, 2, 0.74, 20917, 21121, 0, 0
1629563075, 2, 1, 3, 2, 0, 0.08%, 1, 0, 3, 0.50, 20917, 21121, 0, 0
1629563087, 2, 1, 3, 2, 0, 0.08%, 1, 0, 3, 0.50, 11491, 21121, 0, 0
1629563448, 2, 2, 4, 2, 0, 0.11%, 1, 0, 4, 0.43, 11491, 21121, 0, 0
1629563549, 2, 2, 4, 2, 0, 0.12%, 1, 0, 4, 0.40, 11491, 25227, 0, 0
