# unix_time, cycles_done, cur_path, paths_total, pending_total, pending_favs, map_size, unique_crashes, unique_hangs, max_depth, execs_per_sec, lowscore, highscore
1626317499, 0, 0, 1, 1, 1, 0.09%, 0, 0, 1, 3.94, 18446744061069854330, 18446744061069854330
1626317520, 1, 0, 1, 0, 0, 0.09%, 1, 0, 1, 4.18, 18446744061069854330, 18446744061069854330
1626317535, 2, 0, 1, 0, 0, 0.09%, 1, 0, 1, 4.90, 18446744061069854330, 18446744061069854330
1626317540, 2, 0, 2, 1, 0, 0.09%, 1, 0, 2, 4.89, 18446744061069854330, 18446744063351858116
1626317622, 2, 1, 3, 2, 0, 0.14%, 1, 0, 3, 4.05, 18446744061069854330, 18446744063351858116
1626317633, 2, 1, 3, 2, 0, 0.14%, 1, 0, 3, 4.13, 18446744060729731296, 18446744063351858116
1626317741, 2, 1, 4, 3, 0, 0.14%, 1, 0, 3, 4.62, 18446744060729731296, 18446744063351858116
1626317766, 2, 3, 4, 2, 1, 0.14%, 1, 0, 3, 4.64, 18446744060729731296, 18446744063351858116
1626317863, 3, 0, 4, 1, 0, 0.14%, 1, 0, 3, 4.76, 18446744060729731296, 18446744063351858116
1626317924, 3, 0, 5, 2, 0, 0.14%, 1, 0, 3, 4.70, 18446744060729731296, 18446744063351858116
1626317934, 3, 1, 5, 2, 0, 0.14%, 1, 0, 3, 4.53, 18446744060729731296, 18446744063351858116
1626318031, 3, 2, 5, 2, 0, 0.14%, 1, 0, 3, 3.97, 18446744060729731296, 18446744063351858116
1626318143, 3, 3, 5, 1, 0, 0.14%, 1, 0, 3, 4.30, 18446744060729731296, 18446744063351858116
1626318241, 3, 4, 5, 1, 0, 0.14%, 1, 0, 3, 4.75, 18446744060729731296, 18446744063351858116
1626318328, 4, 0, 5, 0, 0, 0.14%, 1, 0, 3, 4.58, 18446744060729731296, 18446744063351858116
1626318395, 4, 1, 5, 0, 0, 0.14%, 1, 0, 3, 4.61, 18446744060729731296, 18446744063351858116
1626318466, 4, 2, 5, 0, 0, 0.14%, 1, 0, 3, 4.20, 18446744060729731296, 18446744063351858116
1626318580, 4, 3, 5, 0, 0, 0.14%, 1, 0, 3, 3.80, 18446744060729731296, 18446744063351858116
1626318652, 4, 4, 5, 0, 0, 0.14%, 1, 0, 3, 4.81, 18446744060729731296, 18446744063351858116
1626318739, 5, 0, 5, 0, 0, 0.14%, 1, 0, 3, 4.81, 18446744060729731296, 18446744063351858116
1626318811, 5, 1, 5, 0, 0, 0.14%, 1, 0, 3, 4.52, 18446744060729731296, 18446744063351858116
1626318836, 5, 1, 6, 1, 0, 0.14%, 1, 0, 3, 4.67, 18446744060729731296, 18446744064704879414
1626318882, 5, 2, 6, 1, 0, 0.14%, 1, 0, 3, 4.48, 18446744060729731296, 18446744064704879414
1626318965, 5, 3, 6, 1, 0, 0.14%, 1, 0, 3, 3.93, 18446744060729731296, 18446744064704879414
1626319037, 5, 4, 6, 1, 0, 0.14%, 1, 0, 3, 4.86, 18446744060729731296, 18446744064704879414
1626319124, 5, 5, 6, 1, 0, 0.14%, 1, 0, 3, 4.79, 18446744060729731296, 18446744064704879414
1626319282, 5, 5, 7, 2, 0, 0.14%, 1, 0, 4, 4.59, 18446744060729731296, 18446744064704879414
1626319323, 5, 6, 7, 1, 0, 0.14%, 1, 0, 4, 4.47, 18446744060729731296, 18446744064704879414
1626319580, 6, 0, 7, 0, 0, 0.14%, 1, 0, 4, 4.90, 18446744060729731296, 18446744064704879414
1626319646, 6, 1, 7, 0, 0, 0.14%, 1, 0, 4, 4.50, 18446744060729731296, 18446744064704879414
1626319718, 6, 2, 7, 0, 0, 0.14%, 1, 0, 4, 4.16, 18446744060729731296, 18446744064704879414
1626319770, 6, 2, 8, 1, 0, 0.14%, 1, 0, 4, 4.22, 18446744060534295324, 18446744064704879414
1626319806, 6, 3, 8, 1, 0, 0.14%, 1, 0, 4, 4.27, 18446744060534295324, 18446744064704879414
1626319872, 6, 4, 8, 1, 0, 0.14%, 1, 0, 4, 5.13, 18446744060534295324, 18446744064704879414
1626319933, 6, 5, 8, 1, 0, 0.14%, 1, 0, 4, 5.38, 18446744060534295324, 18446744064704879414
1626320030, 6, 6, 8, 1, 0, 0.14%, 1, 0, 4, 4.51, 18446744060534295324, 18446744064704879414
