# unix_time, cycles_done, cur_path, paths_total, pending_total, pending_favs, map_size, unique_crashes, unique_hangs, max_depth, execs_per_sec, lowscore, highscore
1629654587, 0, 0, 1, 1, 1, 0.05%, 0, 0, 1, 5.34, 18446744073707493098, 18446744073707493098
1629654603, 1, 0, 1, 0, 0, 0.05%, 0, 0, 1, 5.39, 18446744073707493098, 18446744073707493098
1629654618, 2, 0, 1, 0, 0, 0.05%, 0, 0, 1, 5.38, 18446744073707493098, 18446744073707493098
1629654634, 3, 0, 1, 0, 0, 0.05%, 0, 0, 1, 5.10, 18446744073707493098, 18446744073707493098
1629654645, 4, 0, 1, 0, 0, 0.05%, 0, 0, 1, 5.10, 18446744073707493098, 18446744073707493098
1629654660, 5, 0, 1, 0, 0, 0.05%, 0, 0, 1, 5.12, 18446744073707493098, 18446744073707493098
1629654676, 6, 0, 1, 0, 0, 0.05%, 0, 0, 1, 5.24, 18446744073707493098, 18446744073707493098
1629654691, 7, 0, 1, 0, 0, 0.05%, 0, 0, 1, 5.28, 18446744073707493098, 18446744073707493098
1629654707, 8, 0, 1, 0, 0, 0.05%, 0, 0, 1, 5.81, 18446744073707493098, 18446744073707493098
1629654717, 9, 0, 1, 0, 0, 0.05%, 0, 0, 1, 5.16, 18446744073707493098, 18446744073707493098
1629654733, 10, 0, 1, 0, 0, 0.05%, 0, 0, 1, 4.96, 18446744073707493098, 18446744073707493098
1629654749, 11, 0, 1, 0, 0, 0.05%, 0, 0, 1, 5.19, 18446744073707493098, 18446744073707493098
1629654764, 12, 0, 1, 0, 0, 0.05%, 0, 0, 1, 5.28, 18446744073707493098, 18446744073707493098
1629654780, 13, 0, 1, 0, 0, 0.05%, 0, 0, 1, 5.37, 18446744073707493098, 18446744073707493098
1629654790, 14, 0, 1, 0, 0, 0.05%, 0, 0, 1, 5.66, 18446744073707493098, 18446744073707493098
1629654805, 15, 0, 1, 0, 0, 0.05%, 0, 0, 1, 5.88, 18446744073707493098, 18446744073707493098
1629654821, 16, 0, 1, 0, 0, 0.05%, 0, 0, 1, 6.18, 18446744073707493098, 18446744073707493098
1629654831, 17, 0, 1, 0, 0, 0.05%, 0, 0, 1, 5.90, 18446744073707493098, 18446744073707493098
1629654847, 18, 0, 1, 0, 0, 0.05%, 0, 0, 1, 5.61, 18446744073707493098, 18446744073707493098
1629654863, 19, 0, 1, 0, 0, 0.05%, 0, 0, 1, 5.40, 18446744073707493098, 18446744073707493098
1629654873, 20, 0, 1, 0, 0, 0.05%, 0, 0, 1, 5.84, 18446744073707493098, 18446744073707493098
1629654888, 21, 0, 1, 0, 0, 0.05%, 0, 0, 1, 5.45, 18446744073707493098, 18446744073707493098
1629654904, 22, 0, 1, 0, 0, 0.05%, 0, 0, 1, 5.33, 18446744073707493098, 18446744073707493098
1629654914, 23, 0, 1, 0, 0, 0.05%, 0, 0, 1, 5.99, 18446744073707493098, 18446744073707493098
1629654930, 24, 0, 1, 0, 0, 0.05%, 0, 0, 1, 5.35, 18446744073707493098, 18446744073707493098
1629654946, 25, 0, 1, 0, 0, 0.05%, 0, 0, 1, 5.34, 18446744073707493098, 18446744073707493098
1629654956, 26, 0, 1, 0, 0, 0.05%, 0, 0, 1, 6.41, 18446744073707493098, 18446744073707493098
1629654972, 27, 0, 1, 0, 0, 0.05%, 0, 0, 1, 5.38, 18446744073707493098, 18446744073707493098
1629654987, 28, 0, 1, 0, 0, 0.05%, 0, 0, 1, 5.59, 18446744073707493098, 18446744073707493098
1629654998, 29, 0, 1, 0, 0, 0.05%, 0, 0, 1, 5.36, 18446744073707493098, 18446744073707493098
1629655013, 30, 0, 1, 0, 0, 0.05%, 0, 0, 1, 5.35, 18446744073707493098, 18446744073707493098
1629655029, 31, 0, 1, 0, 0, 0.05%, 0, 0, 1, 5.39, 18446744073707493098, 18446744073707493098
1629655045, 32, 0, 1, 0, 0, 0.05%, 0, 0, 1, 4.92, 18446744073707493098, 18446744073707493098
1629655055, 33, 0, 1, 0, 0, 0.05%, 0, 0, 1, 5.57, 18446744073707493098, 18446744073707493098
1629655070, 34, 0, 1, 0, 0, 0.05%, 0, 0, 1, 5.63, 18446744073707493098, 18446744073707493098
1629655086, 35, 0, 1, 0, 0, 0.05%, 0, 0, 1, 5.84, 18446744073707493098, 18446744073707493098
1629655101, 36, 0, 1, 0, 0, 0.05%, 0, 0, 1, 4.73, 18446744073707493098, 18446744073707493098
1629655117, 37, 0, 1, 0, 0, 0.05%, 0, 0, 1, 5.43, 18446744073707493098, 18446744073707493098
1629655122, 37, 0, 2, 1, 0, 0.10%, 0, 0, 2, 4.31, 18446744073707493098, 18446744073707493098
1629655132, 37, 0, 2, 1, 0, 0.10%, 0, 0, 2, 5.08, 18446744073703958688, 18446744073707493098
1629655200, 37, 1, 2, 1, 1, 0.10%, 0, 0, 2, 5.27, 18446744073703958688, 18446744073707493098
1629655408, 37, 1, 3, 2, 1, 0.11%, 0, 0, 3, 5.05, 18446744073703958688, 18446744073707493098
1629655424, 37, 2, 3, 1, 1, 0.11%, 0, 0, 3, 5.65, 18446744073703958688, 18446744073707493098
1629655590, 38, 0, 3, 0, 0, 0.11%, 0, 0, 3, 5.36, 18446744073703958688, 18446744073707493098
1629655647, 38, 1, 3, 0, 0, 0.11%, 0, 0, 3, 5.37, 18446744073703958688, 18446744073707493098
1629655808, 38, 2, 3, 0, 0, 0.11%, 0, 0, 3, 5.32, 18446744073703958688, 18446744073707493098
1629655974, 39, 0, 3, 0, 0, 0.11%, 0, 0, 3, 5.42, 18446744073703958688, 18446744073707493098
1629656025, 39, 1, 3, 0, 0, 0.11%, 0, 0, 3, 5.17, 18446744073703958688, 18446744073707493098
1629656187, 39, 2, 3, 0, 0, 0.11%, 0, 0, 3, 5.52, 18446744073703958688, 18446744073707493098
1629656347, 40, 0, 3, 0, 0, 0.11%, 0, 0, 3, 5.22, 18446744073703958688, 18446744073707493098
1629656404, 40, 1, 3, 0, 0, 0.11%, 0, 0, 3, 5.32, 18446744073703958688, 18446744073707493098
1629656513, 40, 1, 4, 1, 0, 0.11%, 0, 0, 3, 4.65, 18446744073583916971, 18446744073707493098
1629656580, 40, 2, 4, 1, 0, 0.11%, 0, 0, 3, 5.14, 18446744073583916971, 18446744073707493098
