# unix_time, cycles_done, cur_path, paths_total, pending_total, pending_favs, map_size, unique_crashes, unique_hangs, max_depth, execs_per_sec, lowscore, highscore
1629674574, 0, 0, 1, 1, 1, 0.06%, 0, 0, 1, 4.65, 18446744068202858376, 18446744068202858376
1629674595, 1, 0, 1, 0, 0, 0.06%, 1, 0, 1, 4.64, 18446744068202858376, 18446744068202858376
1629674610, 2, 0, 1, 0, 0, 0.06%, 1, 0, 1, 4.28, 18446744068202858376, 18446744068202858376
1629674625, 2, 0, 2, 1, 0, 0.06%, 1, 0, 2, 4.49, 18446744068202858376, 18446744068975890166
1629674697, 2, 1, 2, 1, 0, 0.06%, 1, 0, 2, 4.56, 18446744068202858376, 18446744068975890166
1629674790, 3, 0, 2, 0, 0, 0.06%, 1, 0, 2, 4.70, 18446744068202858376, 18446744068975890166
1629674852, 3, 0, 3, 1, 0, 0.06%, 1, 0, 2, 4.53, 18446744068202858376, 18446744068975890166
1629674857, 3, 0, 3, 1, 0, 0.06%, 1, 0, 2, 4.80, 18446744067975353878, 18446744068975890166
1629674862, 3, 1, 3, 1, 0, 0.06%, 1, 0, 2, 4.73, 18446744067975353878, 18446744068975890166
1629674888, 3, 1, 4, 2, 0, 0.06%, 1, 0, 3, 4.72, 18446744067975353878, 18446744068975890166
1629674986, 3, 2, 4, 2, 0, 0.06%, 1, 0, 3, 4.51, 18446744067975353878, 18446744068975890166
1629675084, 3, 3, 4, 1, 0, 0.06%, 1, 0, 3, 4.59, 18446744067975353878, 18446744068975890166
1629675182, 4, 0, 4, 0, 0, 0.06%, 1, 0, 3, 4.31, 18446744067975353878, 18446744068975890166
1629675250, 4, 1, 4, 0, 0, 0.06%, 1, 0, 3, 4.79, 18446744067975353878, 18446744068975890166
1629675312, 4, 2, 4, 0, 0, 0.06%, 1, 0, 3, 4.81, 18446744067975353878, 18446744068975890166
1629675414, 4, 3, 4, 0, 0, 0.06%, 1, 0, 3, 3.67, 18446744067975353878, 18446744068975890166
1629675461, 4, 3, 5, 1, 0, 0.07%, 2, 0, 4, 4.59, 18446744067975353878, 18446744068975890166
1629675523, 4, 4, 5, 1, 0, 0.07%, 2, 0, 4, 4.66, 18446744067975353878, 18446744068975890166
1629675692, 4, 4, 5, 1, 0, 0.07%, 3, 0, 4, 4.76, 18446744067975353878, 18446744068975890166
1629675780, 5, 0, 5, 0, 0, 0.07%, 3, 0, 4, 4.64, 18446744067975353878, 18446744068975890166
1629675846, 5, 1, 5, 0, 0, 0.07%, 3, 0, 4, 4.65, 18446744067975353878, 18446744068975890166
1629675892, 5, 1, 6, 1, 0, 0.07%, 3, 0, 4, 4.32, 18446744065876371352, 18446744068975890166
1629675923, 5, 2, 6, 1, 0, 0.07%, 3, 0, 4, 4.56, 18446744065876371352, 18446744068975890166
