# unix_time, cycles_done, cur_path, paths_total, pending_total, pending_favs, map_size, unique_crashes, unique_hangs, max_depth, execs_per_sec, lowscore, highscore, regression, patch_dist
1629666151, 0, 0, 1, 1, 1, 0.06%, 0, 0, 1, 4.37, 1745, 1745, 2, 0
1629666167, 0, 0, 2, 2, 1, 0.06%, 0, 0, 2, 4.29, 1745, 1745, 0, 0
1629666172, 0, 0, 2, 2, 1, 0.06%, 0, 0, 2, 4.39, 1601, 1745, 0, 0
1629666177, 0, 0, 3, 3, 1, 0.06%, 0, 0, 2, 4.20, 1601, 1745, 0, 0
1629666182, 0, 0, 4, 4, 1, 0.06%, 0, 0, 2, 4.00, 713, 1745, 0, 0
1629666291, 0, 0, 5, 5, 1, 0.06%, 0, 0, 2, 3.32, 113, 1745, 0, 0
1629666306, 0, 0, 6, 6, 1, 0.06%, 0, 0, 2, 3.17, 113, 1769, 0, 0
1629666358, 0, 0, 7, 7, 1, 0.06%, 0, 0, 2, 2.82, 113, 1811, 0, 0
1629666430, 0, 1, 7, 6, 0, 0.06%, 0, 0, 2, 2.62, 113, 1811, 0, 0
1629666566, 0, 2, 7, 5, 0, 0.06%, 0, 0, 2, 2.28, 113, 1811, 0, 0
1629666702, 0, 3, 7, 4, 0, 0.06%, 0, 0, 2, 2.28, 113, 1811, 0, 0
1629666827, 0, 3, 7, 4, 0, 0.06%, 1, 0, 2, 2.05, 113, 1811, 0, 0
1629666853, 0, 4, 7, 3, 0, 0.06%, 1, 0, 2, 2.08, 113, 1811, 0, 0
1629666980, 0, 5, 7, 2, 0, 0.06%, 1, 0, 2, 2.01, 113, 1811, 0, 0
1629667037, 0, 5, 8, 3, 0, 0.06%, 1, 0, 3, 1.96, 113, 1811, 0, 0
1629667042, 0, 5, 8, 3, 0, 0.06%, 1, 0, 3, 1.92, 41, 1811, 0, 0
1629667165, 0, 6, 8, 2, 0, 0.06%, 1, 0, 3, 1.80, 41, 1811, 0, 0
1629667351, 0, 7, 8, 1, 0, 0.06%, 1, 0, 3, 1.68, 41, 1811, 0, 0
1629667367, 0, 7, 9, 2, 0, 0.07%, 1, 0, 4, 1.59, 41, 1811, 0, 0
1629667552, 0, 8, 9, 1, 0, 0.07%, 1, 0, 4, 1.64, 41, 1811, 0, 0
1629667750, 1, 0, 9, 0, 0, 0.07%, 1, 0, 4, 1.57, 41, 1811, 0, 0
1629667949, 1, 1, 9, 0, 0, 0.07%, 1, 0, 4, 1.48, 41, 1811, 0, 0
1629668166, 1, 2, 9, 0, 0, 0.07%, 1, 0, 4, 1.43, 41, 1811, 0, 0
1629668387, 1, 3, 9, 0, 0, 0.07%, 1, 0, 4, 1.38, 41, 1811, 0, 0
1629668620, 1, 4, 9, 0, 0, 0.07%, 1, 0, 4, 1.35, 41, 1811, 0, 0
1629668819, 1, 5, 9, 0, 0, 0.07%, 1, 0, 4, 1.35, 41, 1811, 0, 0
1629668851, 1, 5, 10, 1, 0, 0.07%, 1, 0, 4, 1.32, 41, 1811, 0, 0
1629668856, 1, 5, 10, 1, 0, 0.07%, 1, 0, 4, 1.32, 41, 1817, 0, 0
1629668943, 1, 5, 11, 2, 0, 0.07%, 1, 0, 4, 1.29, 41, 1817, 0, 0
1629668948, 1, 5, 11, 2, 0, 0.07%, 1, 0, 4, 1.31, 35, 1817, 0, 0
1629669152, 1, 6, 11, 2, 0, 0.07%, 1, 0, 4, 1.21, 35, 1817, 0, 0
1629669418, 1, 8, 11, 2, 0, 0.07%, 1, 0, 4, 1.15, 35, 1817, 0, 0
1629669538, 1, 8, 12, 3, 0, 0.08%, 2, 0, 5, 1.05, 35, 1817, 0, 0
1629669664, 1, 8, 13, 4, 0, 0.08%, 2, 0, 5, 1.05, 35, 1817, 0, 0
1629669772, 1, 11, 13, 4, 0, 0.08%, 2, 0, 5, 1.07, 35, 1817, 0, 0
1629670103, 1, 12, 13, 3, 0, 0.08%, 2, 0, 5, 1.06, 35, 1817, 0, 0
1629670936, 2, 0, 13, 2, 0, 0.08%, 2, 0, 5, 1.01, 35, 1817, 0, 0
1629671110, 2, 0, 14, 3, 0, 0.08%, 2, 0, 5, 0.97, 35, 1817, 0, 0
1629671293, 2, 5, 14, 3, 0, 0.08%, 2, 0, 5, 0.92, 35, 1817, 0, 0
1629671479, 2, 5, 15, 4, 0, 0.09%, 2, 0, 5, 0.90, 35, 1817, 0, 0
1629671502, 2, 5, 16, 5, 0, 0.09%, 2, 0, 5, 0.89, 35, 1817, 0, 0
1629671513, 2, 5, 16, 5, 0, 0.09%, 2, 0, 5, 0.88, 35, 2901, 0, 0
1629671721, 2, 9, 16, 5, 2, 0.09%, 2, 0, 5, 0.87, 35, 2901, 0, 0
1629672131, 2, 9, 16, 5, 2, 0.09%, 3, 0, 5, 0.84, 35, 2901, 0, 0
1629672226, 2, 15, 16, 4, 1, 0.09%, 3, 0, 5, 0.84, 35, 2901, 0, 0
1629673032, 3, 2, 16, 3, 0, 0.09%, 3, 0, 5, 0.79, 35, 2901, 0, 0
1629673445, 3, 3, 16, 3, 0, 0.09%, 3, 0, 5, 0.77, 35, 2901, 0, 0
1629673852, 3, 6, 16, 3, 0, 0.09%, 3, 0, 5, 0.78, 35, 2901, 0, 0
1629674271, 3, 9, 16, 3, 0, 0.09%, 3, 0, 5, 0.74, 35, 2901, 0, 0
