# unix_time, cycles_done, cur_path, paths_total, pending_total, pending_favs, map_size, unique_crashes, unique_hangs, max_depth, execs_per_sec, lowscore, highscore, regression, patch_dist
1629572348, 0, 0, 1, 1, 1, 0.04%, 0, 0, 1, 5.61, 20, 20, 2, 0
1629572353, 0, 0, 1, 1, 1, 0.04%, 1, 0, 1, 5.33, 20, 20, 0, 0
1629572364, 1, 0, 1, 0, 0, 0.04%, 1, 0, 1, 4.93, 20, 20, 0, 0
1629572379, 2, 0, 1, 0, 0, 0.04%, 1, 0, 1, 4.99, 20, 20, 0, 0
1629572395, 3, 0, 1, 0, 0, 0.04%, 1, 0, 1, 4.80, 20, 20, 0, 0
1629572410, 4, 0, 1, 0, 0, 0.04%, 1, 0, 1, 4.83, 20, 20, 0, 0
1629572426, 5, 0, 1, 0, 0, 0.04%, 1, 0, 1, 5.12, 20, 20, 0, 0
1629572441, 6, 0, 1, 0, 0, 0.04%, 1, 0, 1, 4.96, 20, 20, 0, 0
1629572456, 7, 0, 1, 0, 0, 0.04%, 1, 0, 1, 4.87, 20, 20, 0, 0
1629572472, 8, 0, 1, 0, 0, 0.04%, 1, 0, 1, 5.26, 20, 20, 0, 0
1629572487, 9, 0, 1, 0, 0, 0.04%, 1, 0, 1, 4.77, 20, 20, 0, 0
1629572503, 10, 0, 1, 0, 0, 0.04%, 1, 0, 1, 4.76, 20, 20, 0, 0
1629572518, 11, 0, 1, 0, 0, 0.04%, 1, 0, 1, 5.13, 20, 20, 0, 0
1629572534, 12, 0, 1, 0, 0, 0.04%, 1, 0, 1, 4.91, 20, 20, 0, 0
1629572539, 12, 0, 2, 1, 0, 0.07%, 1, 0, 2, 4.66, 20, 20, 0, 0
1629572550, 12, 0, 2, 1, 0, 0.07%, 1, 0, 2, 3.91, 20, 61, 0, 0
1629572627, 12, 1, 2, 1, 1, 0.07%, 1, 0, 2, 4.69, 20, 61, 0, 0
1629572632, 12, 1, 3, 2, 1, 0.08%, 1, 0, 3, 4.34, 20, 61, 0, 0
1629572663, 12, 1, 4, 3, 1, 0.09%, 1, 0, 3, 4.45, 20, 71, 0, 0
1629572800, 12, 1, 5, 4, 1, 0.11%, 1, 0, 3, 0.02, 20, 71, 0, 0
