# unix_time, cycles_done, cur_path, paths_total, pending_total, pending_favs, map_size, unique_crashes, unique_hangs, max_depth, execs_per_sec, lowscore, highscore
1629434590, 0, 0, 1, 1, 1, 0.10%, 0, 0, 1, 0.23, 18446744073662608313, 18446744073662608313
1629434595, 0, 0, 2, 2, 1, 0.11%, 0, 0, 2, 1.69, 18446744073662608313, 18446744073662608313
1629434600, 0, 0, 3, 3, 1, 0.11%, 0, 0, 2, 3.00, 18446744073662608313, 18446744073684262042
1629434611, 0, 0, 5, 5, 1, 0.11%, 0, 0, 2, 3.68, 18446744073662608313, 18446744073709043148
1629434620, 0, 0, 6, 6, 1, 0.12%, 0, 0, 2, 0.12, 18446744073662608313, 18446744073709278587
1629434672, 0, 0, 6, 6, 1, 0.12%, 0, 0, 2, 0.14, 18446744073638430731, 18446744073709278587
1629434683, 0, 0, 7, 7, 1, 0.12%, 0, 0, 2, 0.30, 18446744073638430731, 18446744073709278587
1629434704, 0, 0, 8, 8, 1, 0.12%, 0, 0, 2, 3.16, 18446744073434243722, 18446744073709278587
1629434730, 0, 0, 9, 9, 1, 0.12%, 0, 0, 2, 0.21, 18446744073434243722, 18446744073709278587
1629434765, 0, 0, 10, 10, 1, 0.12%, 0, 0, 2, 0.23, 18446744073434243722, 18446744073709278587
1629434791, 0, 0, 11, 11, 1, 0.12%, 0, 0, 2, 0.23, 18446744073434243722, 18446744073709278587
1629434820, 0, 0, 12, 12, 1, 0.12%, 0, 0, 2, 3.72, 18446744073434243722, 18446744073709278587
1629434850, 0, 0, 13, 13, 1, 0.13%, 0, 0, 2, 0.13, 18446744073434243722, 18446744073709278587
1629434865, 0, 0, 14, 14, 1, 0.13%, 0, 0, 2, 3.46, 18446744073434243722, 18446744073709278587
1629434886, 0, 0, 15, 15, 1, 0.13%, 0, 0, 2, 0.20, 18446744073434243722, 18446744073709278587
1629435010, 0, 0, 16, 16, 1, 0.13%, 0, 0, 2, 3.82, 18446744073434243722, 18446744073709278587
1629435023, 0, 0, 16, 16, 1, 0.13%, 0, 0, 2, 0.15, 18446744073434243722, 18446744073709286022
