# unix_time, cycles_done, cur_path, paths_total, pending_total, pending_favs, map_size, unique_crashes, unique_hangs, max_depth, execs_per_sec, lowscore, highscore, regression, patch_dist
1628985399, 0, 0, 1, 1, 1, 0.01%, 0, 0, 1, 14.01, 1, 1, 2, 2
1628985404, 0, 0, 7, 7, 1, 0.04%, 0, 0, 1, 10.68, 1, 2, 2, 0
1628985409, 0, 0, 13, 13, 1, 0.07%, 0, 0, 1, 9.81, 1, 2, 0, 0
1628985414, 0, 0, 18, 18, 1, 0.09%, 0, 0, 1, 9.17, 1, 2, 1, 0
1628985419, 0, 0, 24, 24, 1, 0.12%, 0, 0, 1, 10.01, 1, 2, 0, 0
1628985424, 0, 0, 29, 29, 1, 0.14%, 0, 0, 1, 9.16, 1, 2, 0, 0
1628985429, 0, 0, 35, 35, 1, 0.17%, 0, 0, 1, 9.42, 1, 2, 0, 0
1628985435, 0, 0, 41, 41, 1, 0.19%, 0, 0, 1, 9.68, 1, 2, 0, 0
1628985440, 0, 0, 47, 47, 1, 0.22%, 0, 0, 1, 12.73, 1, 2, 0, 0
1628985445, 0, 0, 54, 54, 1, 0.25%, 0, 0, 1, 8.93, 1, 2, 0, 0
1628985450, 0, 0, 59, 59, 1, 0.27%, 0, 0, 1, 9.09, 1, 2, 2, 0
1628985455, 0, 0, 65, 65, 1, 0.30%, 0, 0, 1, 9.89, 1, 2, 0, 0
1628985460, 0, 0, 70, 70, 1, 0.32%, 0, 0, 1, 10.35, 1, 2, 0, 0
