# unix_time, cycles_done, cur_path, paths_total, pending_total, pending_favs, map_size, unique_crashes, unique_hangs, max_depth, execs_per_sec, lowscore, highscore
1626320959, 0, 0, 1, 1, 1, 0.04%, 0, 0, 1, 5.50, 18446744073707553521, 18446744073707553521
1626320969, 0, 0, 2, 2, 1, 0.06%, 0, 0, 2, 4.98, 18446744073707553521, 18446744073707553521
1626320980, 0, 0, 2, 2, 1, 0.06%, 0, 0, 2, 4.60, 18446744073707553521, 18446744073709305862
1626321000, 0, 1, 2, 1, 1, 0.06%, 0, 0, 2, 5.38, 18446744073707553521, 18446744073709305862
1626321010, 1, 0, 2, 0, 0, 0.06%, 0, 0, 2, 5.47, 18446744073707553521, 18446744073709305862
1626321026, 1, 1, 2, 0, 0, 0.06%, 0, 0, 2, 5.46, 18446744073707553521, 18446744073709305862
1626321042, 2, 0, 2, 0, 0, 0.06%, 0, 0, 2, 5.66, 18446744073707553521, 18446744073709305862
1626321053, 2, 1, 2, 0, 0, 0.06%, 0, 0, 2, 5.42, 18446744073707553521, 18446744073709305862
1626321069, 3, 0, 2, 0, 0, 0.06%, 0, 0, 2, 5.18, 18446744073707553521, 18446744073709305862
1626321085, 3, 1, 2, 0, 0, 0.06%, 0, 0, 2, 5.42, 18446744073707553521, 18446744073709305862
1626321095, 4, 0, 2, 0, 0, 0.06%, 0, 0, 2, 5.42, 18446744073707553521, 18446744073709305862
1626321110, 4, 0, 3, 1, 0, 0.07%, 0, 0, 2, 4.86, 18446744073707553521, 18446744073709305862
1626321120, 4, 0, 3, 1, 0, 0.07%, 0, 0, 2, 4.41, 18446744073706858387, 18446744073709305862
1626321219, 4, 2, 4, 2, 1, 0.08%, 0, 0, 3, 0.02, 18446744073706858387, 18446744073709305862
