# unix_time, cycles_done, cur_path, paths_total, pending_total, pending_favs, map_size, unique_crashes, unique_hangs, max_depth, execs_per_sec, lowscore, highscore
1626313259, 0, 0, 1, 1, 1, 0.04%, 0, 0, 1, 5.23, 18446744073702877501, 18446744073702877501
1626313264, 0, 0, 1, 1, 1, 0.04%, 1, 0, 1, 4.83, 18446744073702877501, 18446744073702877501
1626313279, 1, 0, 1, 0, 0, 0.04%, 1, 0, 1, 4.73, 18446744073702877501, 18446744073702877501
1626313294, 2, 0, 1, 0, 0, 0.04%, 1, 0, 1, 4.86, 18446744073702877501, 18446744073702877501
1626313310, 3, 0, 1, 0, 0, 0.04%, 1, 0, 1, 4.66, 18446744073702877501, 18446744073702877501
1626313325, 4, 0, 1, 0, 0, 0.04%, 1, 0, 1, 4.77, 18446744073702877501, 18446744073702877501
1626313340, 5, 0, 1, 0, 0, 0.04%, 1, 0, 1, 4.73, 18446744073702877501, 18446744073702877501
1626313346, 5, 0, 2, 1, 0, 0.07%, 1, 0, 2, 3.68, 18446744073702877501, 18446744073702877501
1626313366, 5, 0, 2, 1, 0, 0.07%, 1, 0, 2, 4.37, 18446744073693923136, 18446744073702877501
1626313392, 5, 0, 3, 2, 0, 0.08%, 1, 0, 2, 3.75, 18446744073693923136, 18446744073702877501
1626313397, 5, 0, 4, 3, 0, 0.11%, 1, 0, 2, 3.51, 18446744073693923136, 18446744073702877501
