# unix_time, cycles_done, cur_path, paths_total, pending_total, pending_favs, map_size, unique_crashes, unique_hangs, max_depth, execs_per_sec, lowscore, highscore
1629678236, 0, 0, 1, 1, 1, 0.06%, 0, 0, 1, 3.56, 18446744073703087489, 18446744073703087489
1629678241, 0, 0, 2, 2, 1, 0.07%, 0, 0, 2, 4.34, 18446744073703087489, 18446744073703087489
1629678246, 0, 0, 3, 3, 1, 0.07%, 1, 0, 2, 4.41, 18446744073703087489, 18446744073704649879
1629678251, 0, 0, 3, 3, 1, 0.07%, 1, 0, 2, 4.13, 18446744073702925086, 18446744073704649879
1629678380, 0, 1, 3, 2, 2, 0.07%, 1, 0, 2, 4.28, 18446744073702925086, 18446744073704649879
1629678447, 0, 2, 3, 1, 1, 0.07%, 1, 0, 2, 4.47, 18446744073702925086, 18446744073704649879
1629678525, 1, 0, 3, 0, 0, 0.07%, 1, 0, 2, 4.07, 18446744073702925086, 18446744073704649879
1629678602, 1, 1, 3, 0, 0, 0.07%, 1, 0, 2, 4.29, 18446744073702925086, 18446744073704649879
1629678674, 1, 2, 3, 0, 0, 0.07%, 1, 0, 2, 4.47, 18446744073702925086, 18446744073704649879
1629678751, 2, 0, 3, 0, 0, 0.07%, 1, 0, 2, 4.42, 18446744073702925086, 18446744073704649879
1629678824, 2, 1, 3, 0, 0, 0.07%, 1, 0, 2, 4.25, 18446744073702925086, 18446744073704649879
1629678850, 2, 1, 4, 1, 0, 0.09%, 1, 0, 3, 4.46, 18446744073702925086, 18446744073707053416
1629678901, 2, 3, 4, 1, 1, 0.09%, 1, 0, 3, 4.20, 18446744073702925086, 18446744073707053416
1629678932, 2, 3, 5, 2, 1, 0.09%, 1, 0, 4, 4.01, 18446744073702925086, 18446744073707053416
1629678937, 2, 3, 5, 2, 1, 0.09%, 1, 0, 4, 4.25, 18446744073598846578, 18446744073707053416
1629679045, 2, 4, 5, 1, 0, 0.09%, 1, 0, 4, 3.82, 18446744073598846578, 18446744073707053416
1629679086, 2, 4, 6, 2, 0, 0.09%, 1, 0, 5, 3.48, 18446744073598846578, 18446744073707053416
1629679133, 2, 4, 7, 3, 0, 0.09%, 1, 0, 5, 3.70, 18446744073598846578, 18446744073707053416
1629679360, 2, 5, 7, 2, 0, 0.09%, 1, 0, 5, 3.99, 18446744073598846578, 18446744073707053416
1629679428, 2, 5, 8, 3, 0, 0.09%, 2, 0, 6, 4.08, 18446744073598846578, 18446744073707053416
1629679438, 2, 5, 8, 3, 0, 0.09%, 2, 0, 6, 4.14, 18446744073071445286, 18446744073707053416
1629679552, 2, 5, 9, 4, 0, 0.09%, 2, 0, 6, 3.71, 18446744073071445286, 18446744073707053416
1629679614, 2, 5, 10, 5, 0, 0.09%, 2, 0, 6, 3.76, 18446744073071445286, 18446744073707053416
1629679619, 2, 5, 10, 5, 0, 0.09%, 2, 0, 6, 3.71, 18446744073071445286, 18446744073707868066
1629679682, 2, 6, 10, 4, 0, 0.09%, 2, 0, 6, 4.21, 18446744073071445286, 18446744073707868066
1629679873, 2, 6, 10, 4, 0, 0.09%, 3, 0, 6, 3.74, 18446744073071445286, 18446744073707868066
1629679920, 2, 7, 10, 3, 0, 0.09%, 3, 0, 6, 3.90, 18446744073071445286, 18446744073707868066
1629680075, 2, 8, 10, 2, 0, 0.09%, 3, 0, 6, 4.04, 18446744073071445286, 18446744073707868066
1629680127, 2, 8, 11, 3, 0, 0.09%, 3, 0, 7, 3.68, 18446744073071445286, 18446744073707868066
1629680389, 2, 9, 11, 2, 0, 0.09%, 3, 0, 7, 3.68, 18446744073071445286, 18446744073707868066
1629680569, 3, 0, 11, 1, 0, 0.09%, 3, 0, 7, 4.05, 18446744073071445286, 18446744073707868066
1629680646, 3, 1, 11, 1, 0, 0.09%, 3, 0, 7, 4.05, 18446744073071445286, 18446744073707868066
1629680718, 3, 3, 11, 1, 0, 0.09%, 3, 0, 7, 4.41, 18446744073071445286, 18446744073707868066
1629680816, 4, 0, 11, 1, 0, 0.09%, 3, 0, 7, 4.54, 18446744073071445286, 18446744073707868066
