# unix_time, cycles_done, cur_path, paths_total, pending_total, pending_favs, map_size, unique_crashes, unique_hangs, max_depth, execs_per_sec, lowscore, highscore, regression, patch_dist
1629616411, 0, 0, 1, 1, 1, 0.05%, 0, 0, 1, 4.75, 28, 28, 2, 0
1629616416, 0, 0, 1, 1, 1, 0.05%, 1, 0, 1, 4.78, 28, 28, 0, 0
1629616432, 1, 0, 1, 0, 0, 0.05%, 1, 0, 1, 4.65, 28, 28, 0, 0
1629616442, 2, 0, 1, 0, 0, 0.05%, 1, 0, 1, 5.51, 28, 28, 0, 0
1629616458, 3, 0, 1, 0, 0, 0.05%, 1, 0, 1, 4.71, 28, 28, 0, 0
1629616478, 4, 0, 1, 0, 0, 0.05%, 1, 0, 1, 4.71, 28, 28, 0, 0
1629616493, 5, 0, 1, 0, 0, 0.05%, 1, 0, 1, 4.61, 28, 28, 0, 0
1629616509, 6, 0, 1, 0, 0, 0.05%, 1, 0, 1, 4.79, 28, 28, 0, 0
1629616530, 7, 0, 1, 0, 0, 0.05%, 1, 0, 1, 4.53, 28, 28, 0, 0
1629616545, 8, 0, 1, 0, 0, 0.05%, 1, 0, 1, 4.27, 28, 28, 0, 0
1629616561, 9, 0, 1, 0, 0, 0.05%, 1, 0, 1, 4.78, 28, 28, 0, 0
1629616576, 10, 0, 1, 0, 0, 0.05%, 1, 0, 1, 4.56, 28, 28, 0, 0
1629616597, 11, 0, 1, 0, 0, 0.05%, 1, 0, 1, 4.59, 28, 28, 0, 0
1629616612, 12, 0, 1, 0, 0, 0.05%, 1, 0, 1, 4.64, 28, 28, 0, 0
1629616628, 13, 0, 1, 0, 0, 0.05%, 1, 0, 1, 4.54, 28, 28, 0, 0
1629616643, 14, 0, 1, 0, 0, 0.05%, 1, 0, 1, 4.60, 28, 28, 0, 0
1629616659, 15, 0, 1, 0, 0, 0.05%, 1, 0, 1, 4.70, 28, 28, 0, 0
1629616674, 16, 0, 1, 0, 0, 0.05%, 1, 0, 1, 4.85, 28, 28, 0, 0
1629616694, 17, 0, 1, 0, 0, 0.05%, 1, 0, 1, 4.72, 28, 28, 0, 0
1629616710, 18, 0, 1, 0, 0, 0.05%, 1, 0, 1, 4.63, 28, 28, 0, 0
1629616725, 19, 0, 1, 0, 0, 0.05%, 1, 0, 1, 4.79, 28, 28, 0, 0
1629616740, 20, 0, 1, 0, 0, 0.05%, 1, 0, 1, 4.53, 28, 28, 0, 0
1629616756, 21, 0, 1, 0, 0, 0.05%, 1, 0, 1, 4.55, 28, 28, 0, 0
1629616777, 22, 0, 1, 0, 0, 0.05%, 1, 0, 1, 4.76, 28, 28, 0, 0
1629616792, 23, 0, 1, 0, 0, 0.05%, 1, 0, 1, 4.56, 28, 28, 0, 0
1629616808, 24, 0, 1, 0, 0, 0.05%, 1, 0, 1, 4.71, 28, 28, 0, 0
1629616823, 25, 0, 1, 0, 0, 0.05%, 1, 0, 1, 4.60, 28, 28, 0, 0
1629616839, 26, 0, 1, 0, 0, 0.05%, 1, 0, 1, 4.60, 28, 28, 0, 0
1629616859, 27, 0, 1, 0, 0, 0.05%, 1, 0, 1, 4.47, 28, 28, 0, 0
1629616874, 28, 0, 1, 0, 0, 0.05%, 1, 0, 1, 4.50, 28, 28, 0, 0
1629616890, 29, 0, 1, 0, 0, 0.05%, 1, 0, 1, 4.51, 28, 28, 0, 0
1629616905, 30, 0, 1, 0, 0, 0.05%, 1, 0, 1, 4.58, 28, 28, 0, 0
1629616925, 31, 0, 1, 0, 0, 0.05%, 1, 0, 1, 4.55, 28, 28, 0, 0
1629616941, 32, 0, 1, 0, 0, 0.05%, 1, 0, 1, 4.54, 28, 28, 0, 0
1629616956, 33, 0, 1, 0, 0, 0.05%, 1, 0, 1, 4.56, 28, 28, 0, 0
1629616971, 34, 0, 1, 0, 0, 0.05%, 1, 0, 1, 4.47, 28, 28, 0, 0
1629616992, 35, 0, 1, 0, 0, 0.05%, 1, 0, 1, 4.45, 28, 28, 0, 0
1629617008, 36, 0, 1, 0, 0, 0.05%, 1, 0, 1, 4.58, 28, 28, 0, 0
1629617023, 37, 0, 1, 0, 0, 0.05%, 1, 0, 1, 4.57, 28, 28, 0, 0
1629617038, 38, 0, 1, 0, 0, 0.05%, 1, 0, 1, 4.54, 28, 28, 0, 0
1629617059, 39, 0, 1, 0, 0, 0.05%, 1, 0, 1, 4.64, 28, 28, 0, 0
1629617074, 40, 0, 1, 0, 0, 0.05%, 1, 0, 1, 4.53, 28, 28, 0, 0
1629617090, 41, 0, 1, 0, 0, 0.05%, 1, 0, 1, 4.64, 28, 28, 0, 0
1629617100, 41, 0, 2, 1, 0, 0.10%, 1, 0, 2, 3.86, 28, 28, 0, 0
1629617121, 41, 0, 2, 1, 0, 0.10%, 1, 0, 2, 3.59, 28, 90, 0, 0
1629617204, 41, 1, 2, 1, 1, 0.10%, 1, 0, 2, 3.69, 28, 90, 0, 0
1629617298, 41, 1, 3, 2, 1, 0.10%, 1, 0, 3, 2.98, 28, 90, 0, 0
1629617725, 41, 2, 3, 1, 1, 0.10%, 1, 0, 3, 3.62, 28, 90, 0, 0
1629617735, 41, 2, 4, 2, 1, 0.10%, 2, 0, 4, 3.13, 28, 90, 0, 0
1629617808, 41, 2, 4, 2, 1, 0.10%, 3, 0, 4, 2.88, 28, 90, 0, 0
1629617835, 41, 2, 5, 3, 1, 0.15%, 3, 0, 4, 2.40, 28, 90, 0, 0
1629617841, 41, 2, 5, 3, 1, 0.15%, 3, 0, 4, 2.01, 28, 1646045, 0, 0
