# unix_time, cycles_done, cur_path, paths_total, pending_total, pending_favs, map_size, unique_crashes, unique_hangs, max_depth, execs_per_sec, lowscore, highscore, regression, patch_dist
1628973655, 0, 0, 1, 1, 1, 0.01%, 0, 0, 1, 9.58, 1, 1, 2, 2
1628973660, 0, 0, 2, 2, 1, 0.02%, 1, 0, 2, 7.43, 1, 2, 1, 1
1628973686, 0, 0, 3, 3, 1, 0.02%, 1, 0, 2, 8.92, 1, 2, 1, 0
1628973707, 0, 0, 4, 4, 1, 0.02%, 1, 0, 2, 7.01, 1, 2, 0, 0
1628973717, 0, 0, 5, 5, 1, 0.03%, 1, 0, 2, 7.48, 1, 2, 0, 0
1628973722, 0, 1, 5, 4, 4, 0.03%, 1, 0, 2, 6.44, 1, 2, 0, 0
1628973768, 0, 2, 6, 4, 3, 0.03%, 1, 0, 3, 8.13, 1, 2, 0, 0
1628973774, 0, 2, 8, 6, 3, 0.04%, 1, 0, 3, 8.12, 1, 2, 0, 0
1628973784, 0, 2, 10, 8, 3, 0.05%, 1, 0, 3, 7.60, 1, 2, 0, 0
1628973789, 0, 2, 12, 10, 3, 0.06%, 1, 0, 3, 8.07, 1, 2, 0, 0
1628973799, 0, 2, 14, 12, 3, 0.07%, 1, 0, 3, 7.24, 1, 2, 0, 0
1628973804, 0, 2, 16, 14, 3, 0.08%, 1, 0, 3, 7.75, 1, 2, 0, 0
1628973815, 0, 2, 18, 16, 3, 0.09%, 1, 0, 3, 8.68, 1, 2, 0, 0
1628973820, 0, 2, 19, 17, 3, 0.09%, 1, 0, 3, 8.35, 1, 2, 0, 0
1628973825, 0, 2, 21, 19, 3, 0.10%, 1, 0, 3, 8.44, 1, 2, 0, 0
1628973830, 0, 2, 22, 20, 3, 0.11%, 1, 0, 3, 7.65, 1, 2, 0, 0
1628973840, 0, 2, 23, 21, 3, 0.11%, 1, 0, 3, 7.25, 1, 2, 0, 0
1628973850, 0, 2, 24, 22, 3, 0.12%, 1, 0, 3, 8.59, 1, 2, 0, 0
1628973861, 0, 2, 25, 23, 3, 0.12%, 1, 0, 3, 8.44, 1, 2, 0, 0
1628973871, 0, 2, 26, 24, 3, 0.13%, 1, 0, 3, 7.63, 1, 2, 0, 0
1628973876, 0, 2, 27, 25, 3, 0.13%, 1, 0, 3, 6.63, 1, 2, 0, 0
1628973887, 0, 2, 29, 27, 3, 0.14%, 1, 0, 3, 7.68, 1, 2, 0, 0
1628973907, 0, 2, 31, 29, 3, 0.15%, 1, 0, 3, 7.50, 1, 2, 0, 0
1628973912, 0, 2, 33, 31, 3, 0.16%, 1, 0, 3, 8.52, 1, 2, 0, 0
1628973917, 0, 2, 36, 34, 3, 0.17%, 1, 0, 3, 8.53, 1, 2, 0, 0
1628973928, 0, 2, 37, 35, 3, 0.18%, 1, 0, 3, 7.73, 1, 2, 0, 0
1628973933, 0, 2, 40, 38, 3, 0.19%, 1, 0, 3, 7.96, 1, 2, 0, 0
1628973938, 0, 2, 41, 39, 3, 0.19%, 1, 0, 3, 7.78, 1, 2, 0, 0
1628973958, 0, 2, 42, 40, 3, 0.20%, 1, 0, 3, 7.93, 1, 2, 0, 0
1628973963, 0, 3, 43, 40, 39, 0.20%, 1, 0, 3, 8.17, 1, 2, 0, 0
1628973968, 0, 3, 44, 41, 39, 0.21%, 1, 0, 3, 9.20, 1, 2, 0, 0
1628973973, 0, 3, 45, 42, 39, 0.21%, 1, 0, 3, 8.59, 1, 2, 0, 0
1628973979, 0, 3, 46, 43, 39, 0.22%, 1, 0, 3, 10.37, 1, 2, 0, 0
1628973989, 0, 3, 47, 44, 39, 0.22%, 1, 0, 3, 7.90, 1, 2, 0, 0
1628973994, 0, 3, 48, 45, 39, 0.23%, 1, 0, 3, 8.24, 1, 2, 0, 0
1628974004, 0, 3, 50, 47, 39, 0.23%, 1, 0, 3, 7.75, 1, 2, 0, 0
1628974015, 0, 3, 51, 48, 39, 0.24%, 1, 0, 3, 7.84, 1, 2, 0, 0
1628974020, 0, 3, 54, 51, 39, 0.25%, 1, 0, 3, 8.59, 1, 2, 0, 0
1628974030, 0, 3, 55, 52, 39, 0.26%, 1, 0, 3, 8.84, 1, 2, 0, 0
1628974045, 0, 3, 56, 53, 39, 0.26%, 1, 0, 3, 8.32, 1, 2, 0, 0
1628974050, 0, 3, 57, 54, 39, 0.27%, 1, 0, 3, 8.03, 1, 2, 0, 0
1628974076, 0, 3, 58, 55, 39, 0.27%, 1, 0, 3, 8.05, 1, 2, 0, 0
1628974082, 0, 3, 59, 56, 39, 0.28%, 1, 0, 3, 8.23, 1, 2, 0, 0
1628974087, 0, 3, 61, 58, 39, 0.29%, 1, 0, 3, 8.06, 1, 2, 0, 0
1628974092, 0, 3, 64, 61, 39, 0.30%, 1, 0, 3, 8.65, 1, 2, 0, 0
1628974097, 0, 3, 66, 63, 39, 0.31%, 1, 0, 3, 9.09, 1, 2, 0, 0
1628974112, 0, 4, 68, 64, 62, 0.31%, 1, 0, 3, 7.49, 1, 2, 1, 0
1628974133, 0, 4, 69, 65, 62, 0.32%, 1, 0, 3, 7.32, 1, 2, 0, 0
1628974138, 0, 4, 70, 66, 62, 0.32%, 1, 0, 3, 6.99, 1, 2, 0, 0
1628974153, 0, 4, 71, 67, 62, 0.33%, 1, 0, 3, 7.51, 1, 2, 0, 0
1628974158, 0, 4, 72, 68, 62, 0.33%, 1, 0, 3, 7.27, 1, 2, 0, 0
1628974163, 0, 4, 73, 69, 62, 0.34%, 1, 0, 3, 7.26, 1, 2, 0, 0
1628974174, 0, 4, 74, 70, 62, 0.34%, 1, 0, 3, 7.32, 1, 2, 0, 0
1628974184, 0, 4, 75, 71, 62, 0.34%, 1, 0, 3, 6.21, 1, 2, 0, 0
1628974194, 0, 4, 76, 72, 62, 0.35%, 1, 0, 3, 7.22, 1, 2, 0, 0
1628974199, 0, 4, 78, 74, 62, 0.36%, 1, 0, 3, 8.34, 1, 2, 0, 0
1628974210, 0, 4, 79, 75, 62, 0.36%, 1, 0, 3, 8.19, 1, 2, 0, 0
1628974215, 0, 4, 80, 76, 62, 0.37%, 1, 0, 3, 8.69, 1, 2, 0, 0
1628974225, 0, 4, 81, 77, 62, 0.37%, 1, 0, 3, 7.53, 1, 2, 0, 0
1628974230, 0, 4, 82, 78, 62, 0.38%, 1, 0, 3, 7.90, 1, 2, 0, 0
1628974235, 0, 4, 83, 79, 62, 0.38%, 1, 0, 3, 8.50, 1, 2, 0, 0
1628974246, 0, 4, 84, 80, 62, 0.39%, 1, 0, 3, 8.77, 1, 2, 0, 0
