# unix_time, cycles_done, cur_path, paths_total, pending_total, pending_favs, map_size, unique_crashes, unique_hangs, max_depth, execs_per_sec, lowscore, highscore, regression, patch_dist
1628984784, 0, 0, 1, 1, 1, 0.01%, 0, 0, 1, 9.69, 1, 1, 2, 2
1628984789, 0, 0, 2, 2, 1, 0.02%, 1, 0, 2, 7.08, 1, 1, 1, 0
1628984794, 0, 0, 3, 3, 1, 0.02%, 1, 0, 2, 7.31, 1, 2, 1, 1
1628984809, 0, 0, 4, 4, 1, 0.02%, 1, 0, 2, 6.84, 1, 2, 0, 0
1628984840, 0, 0, 5, 5, 1, 0.03%, 1, 0, 2, 6.74, 1, 2, 0, 0
1628984891, 0, 0, 6, 6, 1, 0.03%, 1, 0, 2, 7.50, 1, 2, 0, 0
1628984917, 0, 1, 6, 5, 5, 0.03%, 1, 0, 2, 6.99, 1, 2, 0, 0
1628984927, 0, 1, 8, 7, 5, 0.04%, 1, 0, 3, 4.94, 1, 2, 0, 0
1628984932, 0, 1, 11, 10, 5, 0.06%, 1, 0, 3, 7.51, 1, 2, 0, 0
1628984947, 0, 1, 12, 11, 5, 0.06%, 1, 0, 3, 7.53, 1, 2, 0, 0
1628984953, 0, 1, 13, 12, 5, 0.07%, 1, 0, 3, 7.19, 1, 2, 0, 0
1628984958, 0, 1, 14, 13, 5, 0.07%, 1, 0, 3, 7.42, 1, 2, 0, 0
1628984968, 0, 1, 16, 15, 5, 0.08%, 1, 0, 3, 7.55, 1, 2, 0, 0
1628984973, 0, 1, 18, 17, 5, 0.09%, 1, 0, 3, 7.60, 1, 2, 1, 0
1628984978, 0, 1, 19, 18, 5, 0.09%, 1, 0, 3, 7.63, 1, 2, 0, 0
1628984999, 0, 1, 22, 21, 5, 0.11%, 1, 0, 3, 8.19, 1, 2, 0, 0
1628985004, 0, 1, 24, 23, 5, 0.12%, 1, 0, 3, 7.82, 1, 2, 0, 0
1628985009, 0, 1, 26, 25, 5, 0.13%, 1, 0, 3, 6.54, 1, 2, 0, 0
1628985014, 0, 1, 28, 27, 5, 0.13%, 1, 0, 3, 7.74, 1, 2, 0, 0
1628985024, 0, 1, 29, 28, 5, 0.14%, 1, 0, 3, 8.09, 1, 2, 0, 0
1628985029, 0, 1, 31, 30, 5, 0.15%, 1, 0, 3, 8.61, 1, 2, 0, 0
1628985045, 0, 1, 33, 32, 5, 0.16%, 1, 0, 3, 7.27, 1, 2, 0, 0
1628985055, 0, 1, 34, 33, 5, 0.16%, 1, 0, 3, 7.35, 1, 2, 0, 0
1628985060, 0, 1, 35, 34, 5, 0.17%, 1, 0, 3, 7.63, 1, 2, 0, 0
1628985071, 0, 1, 37, 36, 5, 0.18%, 1, 0, 3, 8.15, 1, 2, 0, 0
1628985076, 0, 1, 39, 38, 5, 0.18%, 1, 0, 3, 8.01, 1, 2, 0, 0
1628985081, 0, 1, 40, 39, 5, 0.19%, 1, 0, 3, 7.73, 1, 2, 0, 0
1628985101, 0, 1, 41, 40, 5, 0.19%, 1, 0, 3, 7.92, 1, 2, 0, 0
1628985107, 0, 2, 41, 39, 39, 0.19%, 1, 0, 3, 7.05, 1, 2, 0, 0
1628985153, 0, 3, 42, 39, 38, 0.20%, 1, 0, 3, 7.62, 1, 2, 0, 0
1628985158, 0, 3, 43, 40, 38, 0.20%, 1, 0, 3, 8.13, 1, 2, 0, 0
1628985168, 0, 3, 46, 43, 38, 0.22%, 1, 0, 3, 10.54, 1, 2, 0, 0
1628985183, 0, 3, 48, 45, 38, 0.23%, 1, 0, 3, 8.05, 1, 2, 0, 0
1628985189, 0, 3, 50, 47, 38, 0.23%, 1, 0, 3, 8.31, 1, 2, 0, 0
1628985204, 0, 3, 51, 48, 38, 0.24%, 1, 0, 3, 7.42, 1, 2, 0, 0
1628985219, 0, 3, 53, 50, 38, 0.25%, 1, 0, 3, 8.41, 1, 2, 0, 0
1628985229, 0, 3, 54, 51, 38, 0.25%, 1, 0, 3, 45.87, 1, 2, 0, 0
1628985234, 0, 3, 56, 53, 38, 0.26%, 1, 0, 3, 7.31, 1, 2, 0, 0
1628985245, 0, 3, 57, 54, 38, 0.26%, 1, 0, 3, 8.44, 1, 2, 2, 0
1628985250, 0, 3, 58, 55, 38, 0.27%, 1, 0, 3, 7.66, 1, 2, 0, 0
1628985255, 0, 3, 60, 57, 38, 0.28%, 1, 0, 3, 7.53, 1, 2, 0, 0
1628985296, 0, 3, 62, 59, 38, 0.29%, 1, 0, 3, 7.35, 1, 2, 0, 0
1628985306, 0, 3, 63, 60, 38, 0.29%, 1, 0, 3, 8.00, 1, 2, 0, 0
1628985311, 0, 4, 65, 61, 58, 0.30%, 1, 0, 3, 7.96, 1, 2, 0, 0
1628985326, 0, 4, 67, 63, 58, 0.31%, 1, 0, 3, 7.68, 1, 2, 0, 0
1628985336, 0, 4, 69, 65, 58, 0.32%, 1, 0, 3, 8.10, 1, 2, 0, 0
1628985357, 0, 4, 71, 67, 58, 0.33%, 1, 0, 3, 7.34, 1, 2, 0, 0
