# unix_time, cycles_done, cur_path, paths_total, pending_total, pending_favs, map_size, unique_crashes, unique_hangs, max_depth, execs_per_sec, lowscore, highscore
1629242432, 0, 0, 1, 1, 1, 0.04%, 0, 0, 1, 5.20, 18446744073707436272, 18446744073707436272
1629242437, 0, 0, 2, 2, 1, 0.07%, 0, 0, 2, 4.53, 18446744073707436272, 18446744073707436272
1629242442, 0, 0, 3, 3, 1, 0.09%, 0, 0, 2, 4.40, 18446744073707436272, 18446744073709103656
1629242452, 0, 0, 3, 3, 1, 0.09%, 0, 0, 2, 4.14, 18446744073702752341, 18446744073709103656
1629242550, 0, 1, 3, 2, 2, 0.09%, 0, 0, 2, 4.38, 18446744073702752341, 18446744073709103656
1629242571, 0, 2, 3, 1, 1, 0.09%, 0, 0, 2, 4.43, 18446744073702752341, 18446744073709103656
1629242607, 1, 0, 3, 0, 0, 0.09%, 0, 0, 2, 4.34, 18446744073702752341, 18446744073709103656
1629242658, 1, 1, 3, 0, 0, 0.09%, 0, 0, 2, 4.15, 18446744073702752341, 18446744073709103656
1629242674, 1, 2, 3, 0, 0, 0.09%, 0, 0, 2, 4.16, 18446744073702752341, 18446744073709103656
1629242710, 2, 0, 3, 0, 0, 0.09%, 0, 0, 2, 4.48, 18446744073702752341, 18446744073709103656
1629242756, 2, 1, 3, 0, 0, 0.09%, 0, 0, 2, 4.34, 18446744073702752341, 18446744073709103656
1629242777, 2, 2, 3, 0, 0, 0.09%, 0, 0, 2, 4.19, 18446744073702752341, 18446744073709103656
1629242828, 3, 0, 3, 0, 0, 0.09%, 0, 0, 2, 4.40, 18446744073702752341, 18446744073709103656
1629242869, 3, 1, 3, 0, 0, 0.09%, 0, 0, 2, 4.55, 18446744073702752341, 18446744073709103656
1629242890, 3, 2, 3, 0, 0, 0.09%, 0, 0, 2, 4.07, 18446744073702752341, 18446744073709103656
1629242931, 4, 0, 3, 0, 0, 0.09%, 0, 0, 2, 4.24, 18446744073702752341, 18446744073709103656
1629242972, 4, 1, 3, 0, 0, 0.09%, 0, 0, 2, 5.04, 18446744073702752341, 18446744073709103656
1629242988, 4, 2, 3, 0, 0, 0.09%, 0, 0, 2, 4.60, 18446744073702752341, 18446744073709103656
1629243044, 5, 0, 3, 0, 0, 0.09%, 0, 0, 2, 4.41, 18446744073702752341, 18446744073709103656
1629243096, 5, 1, 3, 0, 0, 0.09%, 0, 0, 2, 4.15, 18446744073702752341, 18446744073709103656
1629243111, 5, 2, 3, 0, 0, 0.09%, 0, 0, 2, 4.12, 18446744073702752341, 18446744073709103656
1629243168, 6, 0, 3, 0, 0, 0.09%, 0, 0, 2, 4.78, 18446744073702752341, 18446744073709103656
1629243220, 6, 1, 3, 0, 0, 0.09%, 0, 0, 2, 4.25, 18446744073702752341, 18446744073709103656
1629243235, 6, 2, 3, 0, 0, 0.09%, 0, 0, 2, 4.23, 18446744073702752341, 18446744073709103656
1629243281, 7, 0, 3, 0, 0, 0.09%, 0, 0, 2, 4.30, 18446744073702752341, 18446744073709103656
1629243327, 7, 1, 3, 0, 0, 0.09%, 0, 0, 2, 4.43, 18446744073702752341, 18446744073709103656
1629243348, 7, 2, 3, 0, 0, 0.09%, 0, 0, 2, 4.10, 18446744073702752341, 18446744073709103656
1629243400, 8, 0, 3, 0, 0, 0.09%, 0, 0, 2, 4.44, 18446744073702752341, 18446744073709103656
1629243441, 8, 1, 3, 0, 0, 0.09%, 0, 0, 2, 4.24, 18446744073702752341, 18446744073709103656
1629243456, 8, 2, 3, 0, 0, 0.09%, 0, 0, 2, 4.76, 18446744073702752341, 18446744073709103656
1629243497, 9, 0, 3, 0, 0, 0.09%, 0, 0, 2, 4.20, 18446744073702752341, 18446744073709103656
1629243549, 9, 1, 3, 0, 0, 0.09%, 0, 0, 2, 4.53, 18446744073702752341, 18446744073709103656
1629243569, 9, 2, 3, 0, 0, 0.09%, 0, 0, 2, 4.18, 18446744073702752341, 18446744073709103656
1629243610, 10, 0, 3, 0, 0, 0.09%, 0, 0, 2, 4.58, 18446744073702752341, 18446744073709103656
1629243662, 10, 1, 3, 0, 0, 0.09%, 0, 0, 2, 4.10, 18446744073702752341, 18446744073709103656
1629243682, 10, 2, 3, 0, 0, 0.09%, 0, 0, 2, 4.17, 18446744073702752341, 18446744073709103656
1629243729, 11, 0, 3, 0, 0, 0.09%, 0, 0, 2, 4.35, 18446744073702752341, 18446744073709103656
1629243775, 11, 1, 3, 0, 0, 0.09%, 0, 0, 2, 4.33, 18446744073702752341, 18446744073709103656
1629243796, 11, 2, 3, 0, 0, 0.09%, 0, 0, 2, 4.09, 18446744073702752341, 18446744073709103656
1629243853, 12, 0, 3, 0, 0, 0.09%, 0, 0, 2, 4.49, 18446744073702752341, 18446744073709103656
1629243889, 12, 1, 3, 0, 0, 0.09%, 0, 0, 2, 4.16, 18446744073702752341, 18446744073709103656
1629243910, 12, 2, 3, 0, 0, 0.09%, 0, 0, 2, 4.14, 18446744073702752341, 18446744073709103656
1629243962, 13, 0, 3, 0, 0, 0.09%, 0, 0, 2, 4.50, 18446744073702752341, 18446744073709103656
1629244003, 13, 1, 3, 0, 0, 0.09%, 0, 0, 2, 4.31, 18446744073702752341, 18446744073709103656
1629244018, 13, 2, 3, 0, 0, 0.09%, 0, 0, 2, 4.14, 18446744073702752341, 18446744073709103656
1629244074, 14, 0, 3, 0, 0, 0.09%, 0, 0, 2, 4.20, 18446744073702752341, 18446744073709103656
1629244127, 14, 1, 3, 0, 0, 0.09%, 0, 0, 2, 4.53, 18446744073702752341, 18446744073709103656
1629244147, 14, 2, 3, 0, 0, 0.09%, 0, 0, 2, 4.27, 18446744073702752341, 18446744073709103656
1629244178, 15, 0, 3, 0, 0, 0.09%, 0, 0, 2, 4.28, 18446744073702752341, 18446744073709103656
1629244220, 15, 1, 3, 0, 0, 0.09%, 0, 0, 2, 4.30, 18446744073702752341, 18446744073709103656
1629244235, 15, 2, 3, 0, 0, 0.09%, 0, 0, 2, 4.19, 18446744073702752341, 18446744073709103656
1629244281, 16, 0, 3, 0, 0, 0.09%, 0, 0, 2, 4.21, 18446744073702752341, 18446744073709103656
1629244327, 16, 1, 3, 0, 0, 0.09%, 0, 0, 2, 4.22, 18446744073702752341, 18446744073709103656
1629244343, 16, 2, 3, 0, 0, 0.09%, 0, 0, 2, 4.15, 18446744073702752341, 18446744073709103656
1629244384, 17, 0, 3, 0, 0, 0.09%, 0, 0, 2, 4.91, 18446744073702752341, 18446744073709103656
1629244430, 17, 1, 3, 0, 0, 0.09%, 0, 0, 2, 4.40, 18446744073702752341, 18446744073709103656
1629244451, 17, 2, 3, 0, 0, 0.09%, 0, 0, 2, 4.07, 18446744073702752341, 18446744073709103656
1629244497, 18, 0, 3, 0, 0, 0.09%, 0, 0, 2, 4.25, 18446744073702752341, 18446744073709103656
1629244559, 18, 1, 3, 0, 0, 0.09%, 0, 0, 2, 4.14, 18446744073702752341, 18446744073709103656
1629244574, 18, 2, 3, 0, 0, 0.09%, 0, 0, 2, 4.09, 18446744073702752341, 18446744073709103656
1629244616, 19, 0, 3, 0, 0, 0.09%, 0, 0, 2, 4.45, 18446744073702752341, 18446744073709103656
1629244662, 19, 1, 3, 0, 0, 0.09%, 0, 0, 2, 4.34, 18446744073702752341, 18446744073709103656
1629244683, 19, 2, 3, 0, 0, 0.09%, 0, 0, 2, 4.14, 18446744073702752341, 18446744073709103656
1629244729, 20, 0, 3, 0, 0, 0.09%, 0, 0, 2, 4.42, 18446744073702752341, 18446744073709103656
1629244765, 20, 1, 3, 0, 0, 0.09%, 0, 0, 2, 4.21, 18446744073702752341, 18446744073709103656
1629244781, 20, 2, 3, 0, 0, 0.09%, 0, 0, 2, 4.22, 18446744073702752341, 18446744073709103656
1629244817, 21, 0, 3, 0, 0, 0.09%, 0, 0, 2, 4.26, 18446744073702752341, 18446744073709103656
1629244859, 21, 1, 3, 0, 0, 0.09%, 0, 0, 2, 4.48, 18446744073702752341, 18446744073709103656
1629244879, 21, 2, 3, 0, 0, 0.09%, 0, 0, 2, 4.29, 18446744073702752341, 18446744073709103656
1629244931, 22, 0, 3, 0, 0, 0.09%, 0, 0, 2, 4.31, 18446744073702752341, 18446744073709103656
1629244972, 22, 1, 3, 0, 0, 0.09%, 0, 0, 2, 4.39, 18446744073702752341, 18446744073709103656
1629244992, 22, 2, 3, 0, 0, 0.09%, 0, 0, 2, 4.09, 18446744073702752341, 18446744073709103656
1629245034, 23, 0, 3, 0, 0, 0.09%, 0, 0, 2, 4.18, 18446744073702752341, 18446744073709103656
1629245070, 23, 1, 3, 0, 0, 0.09%, 0, 0, 2, 4.11, 18446744073702752341, 18446744073709103656
1629245090, 23, 2, 3, 0, 0, 0.09%, 0, 0, 2, 4.22, 18446744073702752341, 18446744073709103656
1629245126, 24, 0, 3, 0, 0, 0.09%, 0, 0, 2, 4.33, 18446744073702752341, 18446744073709103656
1629245162, 24, 1, 3, 0, 0, 0.09%, 0, 0, 2, 4.56, 18446744073702752341, 18446744073709103656
1629245183, 24, 2, 3, 0, 0, 0.09%, 0, 0, 2, 4.16, 18446744073702752341, 18446744073709103656
1629245225, 25, 0, 3, 0, 0, 0.09%, 0, 0, 2, 4.41, 18446744073702752341, 18446744073709103656
1629245266, 25, 1, 3, 0, 0, 0.09%, 0, 0, 2, 4.46, 18446744073702752341, 18446744073709103656
1629245282, 25, 2, 3, 0, 0, 0.09%, 0, 0, 2, 4.27, 18446744073702752341, 18446744073709103656
1629245328, 26, 0, 3, 0, 0, 0.09%, 0, 0, 2, 4.18, 18446744073702752341, 18446744073709103656
1629245369, 26, 1, 3, 0, 0, 0.09%, 0, 0, 2, 4.41, 18446744073702752341, 18446744073709103656
1629245390, 26, 2, 3, 0, 0, 0.09%, 0, 0, 2, 4.22, 18446744073702752341, 18446744073709103656
1629245431, 27, 0, 3, 0, 0, 0.09%, 0, 0, 2, 4.59, 18446744073702752341, 18446744073709103656
1629245477, 27, 1, 3, 0, 0, 0.09%, 0, 0, 2, 4.23, 18446744073702752341, 18446744073709103656
1629245492, 27, 2, 3, 0, 0, 0.09%, 0, 0, 2, 4.27, 18446744073702752341, 18446744073709103656
1629245539, 28, 0, 3, 0, 0, 0.09%, 0, 0, 2, 4.48, 18446744073702752341, 18446744073709103656
1629245590, 28, 1, 3, 0, 0, 0.09%, 0, 0, 2, 4.31, 18446744073702752341, 18446744073709103656
1629245611, 28, 2, 3, 0, 0, 0.09%, 0, 0, 2, 4.21, 18446744073702752341, 18446744073709103656
1629245662, 29, 0, 3, 0, 0, 0.09%, 0, 0, 2, 4.23, 18446744073702752341, 18446744073709103656
1629245699, 29, 1, 3, 0, 0, 0.09%, 0, 0, 2, 4.27, 18446744073702752341, 18446744073709103656
1629245719, 29, 2, 3, 0, 0, 0.09%, 0, 0, 2, 4.34, 18446744073702752341, 18446744073709103656
1629245760, 30, 0, 3, 0, 0, 0.09%, 0, 0, 2, 4.37, 18446744073702752341, 18446744073709103656
1629245811, 30, 1, 3, 0, 0, 0.09%, 0, 0, 2, 4.24, 18446744073702752341, 18446744073709103656
1629245827, 30, 2, 3, 0, 0, 0.09%, 0, 0, 2, 4.15, 18446744073702752341, 18446744073709103656
1629245873, 31, 0, 3, 0, 0, 0.09%, 0, 0, 2, 4.31, 18446744073702752341, 18446744073709103656
1629245920, 31, 1, 3, 0, 0, 0.09%, 0, 0, 2, 4.29, 18446744073702752341, 18446744073709103656
1629245935, 31, 2, 3, 0, 0, 0.09%, 0, 0, 2, 4.31, 18446744073702752341, 18446744073709103656
1629245981, 32, 0, 3, 0, 0, 0.09%, 0, 0, 2, 4.42, 18446744073702752341, 18446744073709103656
1629246017, 32, 1, 3, 0, 0, 0.09%, 0, 0, 2, 5.08, 18446744073702752341, 18446744073709103656
1629246033, 32, 2, 3, 0, 0, 0.09%, 0, 0, 2, 4.24, 18446744073702752341, 18446744073709103656
1629246099, 33, 0, 3, 0, 0, 0.09%, 0, 0, 2, 4.41, 18446744073702752341, 18446744073709103656
1629246151, 33, 1, 3, 0, 0, 0.09%, 0, 0, 2, 4.31, 18446744073702752341, 18446744073709103656
1629246171, 33, 2, 3, 0, 0, 0.09%, 0, 0, 2, 4.20, 18446744073702752341, 18446744073709103656
1629246228, 34, 0, 3, 0, 0, 0.09%, 0, 0, 2, 4.51, 18446744073702752341, 18446744073709103656
1629246269, 34, 1, 3, 0, 0, 0.09%, 0, 0, 2, 4.40, 18446744073702752341, 18446744073709103656
1629246284, 34, 2, 3, 0, 0, 0.09%, 0, 0, 2, 4.19, 18446744073702752341, 18446744073709103656
1629246336, 35, 0, 3, 0, 0, 0.09%, 0, 0, 2, 4.93, 18446744073702752341, 18446744073709103656
1629246387, 35, 1, 3, 0, 0, 0.09%, 0, 0, 2, 4.12, 18446744073702752341, 18446744073709103656
1629246402, 35, 2, 3, 0, 0, 0.09%, 0, 0, 2, 4.11, 18446744073702752341, 18446744073709103656
1629246449, 36, 0, 3, 0, 0, 0.09%, 0, 0, 2, 4.19, 18446744073702752341, 18446744073709103656
1629246505, 36, 1, 3, 0, 0, 0.09%, 0, 0, 2, 4.66, 18446744073702752341, 18446744073709103656
1629246525, 36, 2, 3, 0, 0, 0.09%, 0, 0, 2, 4.14, 18446744073702752341, 18446744073709103656
1629246551, 37, 0, 3, 0, 0, 0.09%, 0, 0, 2, 4.57, 18446744073702752341, 18446744073709103656
1629246602, 37, 1, 3, 0, 0, 0.09%, 0, 0, 2, 4.38, 18446744073702752341, 18446744073709103656
1629246618, 37, 2, 3, 0, 0, 0.09%, 0, 0, 2, 4.12, 18446744073702752341, 18446744073709103656
1629246649, 38, 0, 3, 0, 0, 0.09%, 0, 0, 2, 4.37, 18446744073702752341, 18446744073709103656
1629246690, 38, 1, 3, 0, 0, 0.09%, 0, 0, 2, 4.22, 18446744073702752341, 18446744073709103656
1629246705, 38, 2, 3, 0, 0, 0.09%, 0, 0, 2, 4.31, 18446744073702752341, 18446744073709103656
1629246757, 39, 0, 3, 0, 0, 0.09%, 0, 0, 2, 4.27, 18446744073702752341, 18446744073709103656
1629246808, 39, 1, 3, 0, 0, 0.09%, 0, 0, 2, 4.33, 18446744073702752341, 18446744073709103656
1629246824, 39, 2, 3, 0, 0, 0.09%, 0, 0, 2, 4.16, 18446744073702752341, 18446744073709103656
1629246870, 40, 0, 3, 0, 0, 0.09%, 0, 0, 2, 4.30, 18446744073702752341, 18446744073709103656
1629246906, 40, 1, 3, 0, 0, 0.09%, 0, 0, 2, 4.47, 18446744073702752341, 18446744073709103656
1629246927, 40, 2, 3, 0, 0, 0.09%, 0, 0, 2, 4.14, 18446744073702752341, 18446744073709103656
1629246963, 41, 0, 3, 0, 0, 0.09%, 0, 0, 2, 4.24, 18446744073702752341, 18446744073709103656
1629247015, 41, 1, 3, 0, 0, 0.09%, 0, 0, 2, 4.24, 18446744073702752341, 18446744073709103656
1629247030, 41, 2, 3, 0, 0, 0.09%, 0, 0, 2, 4.16, 18446744073702752341, 18446744073709103656
1629247061, 42, 0, 3, 0, 0, 0.09%, 0, 0, 2, 4.33, 18446744073702752341, 18446744073709103656
1629247102, 42, 1, 3, 0, 0, 0.09%, 0, 0, 2, 4.44, 18446744073702752341, 18446744073709103656
1629247117, 42, 2, 3, 0, 0, 0.09%, 0, 0, 2, 5.10, 18446744073702752341, 18446744073709103656
1629247158, 43, 0, 3, 0, 0, 0.09%, 0, 0, 2, 4.35, 18446744073702752341, 18446744073709103656
1629247209, 43, 1, 3, 0, 0, 0.09%, 0, 0, 2, 4.55, 18446744073702752341, 18446744073709103656
1629247225, 43, 2, 3, 0, 0, 0.09%, 0, 0, 2, 4.23, 18446744073702752341, 18446744073709103656
1629247271, 44, 0, 3, 0, 0, 0.09%, 0, 0, 2, 4.92, 18446744073702752341, 18446744073709103656
1629247302, 44, 1, 3, 0, 0, 0.09%, 0, 0, 2, 4.21, 18446744073702752341, 18446744073709103656
1629247322, 44, 2, 3, 0, 0, 0.09%, 0, 0, 2, 4.12, 18446744073702752341, 18446744073709103656
1629247379, 45, 0, 3, 0, 0, 0.09%, 0, 0, 2, 4.28, 18446744073702752341, 18446744073709103656
1629247436, 45, 1, 3, 0, 0, 0.09%, 0, 0, 2, 4.45, 18446744073702752341, 18446744073709103656
1629247452, 45, 2, 3, 0, 0, 0.09%, 0, 0, 2, 4.15, 18446744073702752341, 18446744073709103656
1629247498, 46, 0, 3, 0, 0, 0.09%, 0, 0, 2, 4.30, 18446744073702752341, 18446744073709103656
1629247539, 46, 1, 3, 0, 0, 0.09%, 0, 0, 2, 4.59, 18446744073702752341, 18446744073709103656
1629247560, 46, 2, 3, 0, 0, 0.09%, 0, 0, 2, 4.24, 18446744073702752341, 18446744073709103656
1629247591, 47, 0, 3, 0, 0, 0.09%, 0, 0, 2, 4.53, 18446744073702752341, 18446744073709103656
1629247643, 47, 1, 3, 0, 0, 0.09%, 0, 0, 2, 4.20, 18446744073702752341, 18446744073709103656
1629247658, 47, 2, 3, 0, 0, 0.09%, 0, 0, 2, 4.15, 18446744073702752341, 18446744073709103656
1629247699, 48, 0, 3, 0, 0, 0.09%, 0, 0, 2, 4.43, 18446744073702752341, 18446744073709103656
1629247725, 48, 1, 3, 0, 0, 0.09%, 0, 0, 2, 4.56, 18446744073702752341, 18446744073709103656
1629247741, 48, 2, 3, 0, 0, 0.09%, 0, 0, 2, 4.38, 18446744073702752341, 18446744073709103656
1629247787, 49, 0, 3, 0, 0, 0.09%, 0, 0, 2, 4.47, 18446744073702752341, 18446744073709103656
1629247834, 49, 1, 3, 0, 0, 0.09%, 0, 0, 2, 4.21, 18446744073702752341, 18446744073709103656
1629247849, 49, 2, 3, 0, 0, 0.09%, 0, 0, 2, 4.17, 18446744073702752341, 18446744073709103656
1629247901, 50, 0, 3, 0, 0, 0.09%, 0, 0, 2, 4.24, 18446744073702752341, 18446744073709103656
1629247932, 50, 1, 3, 0, 0, 0.09%, 0, 0, 2, 4.17, 18446744073702752341, 18446744073709103656
1629247952, 50, 2, 3, 0, 0, 0.09%, 0, 0, 2, 4.12, 18446744073702752341, 18446744073709103656
1629247998, 51, 0, 3, 0, 0, 0.09%, 0, 0, 2, 4.22, 18446744073702752341, 18446744073709103656
1629248065, 51, 1, 3, 0, 0, 0.09%, 0, 0, 2, 3.70, 18446744073702752341, 18446744073709103656
1629248086, 51, 2, 3, 0, 0, 0.09%, 0, 0, 2, 3.75, 18446744073702752341, 18446744073709103656
1629248143, 52, 0, 3, 0, 0, 0.09%, 0, 0, 2, 3.75, 18446744073702752341, 18446744073709103656
1629248204, 52, 1, 3, 0, 0, 0.09%, 0, 0, 2, 3.57, 18446744073702752341, 18446744073709103656
1629248225, 52, 2, 3, 0, 0, 0.09%, 0, 0, 2, 3.72, 18446744073702752341, 18446744073709103656
1629248286, 53, 0, 3, 0, 0, 0.09%, 0, 0, 2, 3.75, 18446744073702752341, 18446744073709103656
1629248327, 53, 1, 3, 0, 0, 0.09%, 0, 0, 2, 4.18, 18446744073702752341, 18446744073709103656
1629248342, 53, 2, 3, 0, 0, 0.09%, 0, 0, 2, 4.16, 18446744073702752341, 18446744073709103656
1629248389, 54, 0, 3, 0, 0, 0.09%, 0, 0, 2, 4.27, 18446744073702752341, 18446744073709103656
1629248440, 54, 1, 3, 0, 0, 0.09%, 0, 0, 2, 4.20, 18446744073702752341, 18446744073709103656
1629248455, 54, 2, 3, 0, 0, 0.09%, 0, 0, 2, 4.21, 18446744073702752341, 18446744073709103656
1629248501, 55, 0, 3, 0, 0, 0.09%, 0, 0, 2, 4.61, 18446744073702752341, 18446744073709103656
1629248553, 55, 1, 3, 0, 0, 0.09%, 0, 0, 2, 4.20, 18446744073702752341, 18446744073709103656
1629248568, 55, 2, 3, 0, 0, 0.09%, 0, 0, 2, 4.20, 18446744073702752341, 18446744073709103656
1629248619, 56, 0, 3, 0, 0, 0.09%, 0, 0, 2, 4.54, 18446744073702752341, 18446744073709103656
1629248665, 56, 1, 3, 0, 0, 0.09%, 0, 0, 2, 4.17, 18446744073702752341, 18446744073709103656
1629248686, 56, 2, 3, 0, 0, 0.09%, 0, 0, 2, 4.18, 18446744073702752341, 18446744073709103656
1629248727, 57, 0, 3, 0, 0, 0.09%, 0, 0, 2, 4.33, 18446744073702752341, 18446744073709103656
1629248783, 57, 1, 3, 0, 0, 0.09%, 0, 0, 2, 4.24, 18446744073702752341, 18446744073709103656
1629248804, 57, 2, 3, 0, 0, 0.09%, 0, 0, 2, 4.16, 18446744073702752341, 18446744073709103656
1629248846, 58, 0, 3, 0, 0, 0.09%, 0, 0, 2, 4.38, 18446744073702752341, 18446744073709103656
1629248881, 58, 1, 3, 0, 0, 0.09%, 0, 0, 2, 4.23, 18446744073702752341, 18446744073709103656
1629248897, 58, 2, 3, 0, 0, 0.09%, 0, 0, 2, 4.44, 18446744073702752341, 18446744073709103656
1629248938, 59, 0, 3, 0, 0, 0.09%, 0, 0, 2, 4.26, 18446744073702752341, 18446744073709103656
1629248985, 59, 1, 3, 0, 0, 0.09%, 0, 0, 2, 4.31, 18446744073702752341, 18446744073709103656
1629249005, 59, 2, 3, 0, 0, 0.09%, 0, 0, 2, 4.18, 18446744073702752341, 18446744073709103656
1629249051, 60, 0, 3, 0, 0, 0.09%, 0, 0, 2, 4.34, 18446744073702752341, 18446744073709103656
1629249098, 60, 1, 3, 0, 0, 0.09%, 0, 0, 2, 4.36, 18446744073702752341, 18446744073709103656
1629249119, 60, 2, 3, 0, 0, 0.09%, 0, 0, 2, 4.28, 18446744073702752341, 18446744073709103656
1629249175, 61, 0, 3, 0, 0, 0.09%, 0, 0, 2, 4.34, 18446744073702752341, 18446744073709103656
1629249222, 61, 1, 3, 0, 0, 0.09%, 0, 0, 2, 4.15, 18446744073702752341, 18446744073709103656
1629249237, 61, 2, 3, 0, 0, 0.09%, 0, 0, 2, 4.13, 18446744073702752341, 18446744073709103656
1629249289, 62, 0, 3, 0, 0, 0.09%, 0, 0, 2, 4.55, 18446744073702752341, 18446744073709103656
1629249336, 62, 1, 3, 0, 0, 0.09%, 0, 0, 2, 4.21, 18446744073702752341, 18446744073709103656
1629249352, 62, 2, 3, 0, 0, 0.09%, 0, 0, 2, 4.19, 18446744073702752341, 18446744073709103656
1629249398, 63, 0, 3, 0, 0, 0.09%, 0, 0, 2, 4.39, 18446744073702752341, 18446744073709103656
1629249439, 63, 1, 3, 0, 0, 0.09%, 0, 0, 2, 4.10, 18446744073702752341, 18446744073709103656
1629249454, 63, 2, 3, 0, 0, 0.09%, 0, 0, 2, 4.44, 18446744073702752341, 18446744073709103656
1629249500, 64, 0, 3, 0, 0, 0.09%, 0, 0, 2, 4.26, 18446744073702752341, 18446744073709103656
1629249547, 64, 1, 3, 0, 0, 0.09%, 0, 0, 2, 4.47, 18446744073702752341, 18446744073709103656
1629249567, 64, 2, 3, 0, 0, 0.09%, 0, 0, 2, 4.12, 18446744073702752341, 18446744073709103656
1629249613, 65, 0, 3, 0, 0, 0.09%, 0, 0, 2, 4.29, 18446744073702752341, 18446744073709103656
1629249644, 65, 1, 3, 0, 0, 0.09%, 0, 0, 2, 4.21, 18446744073702752341, 18446744073709103656
1629249660, 65, 2, 3, 0, 0, 0.09%, 0, 0, 2, 4.36, 18446744073702752341, 18446744073709103656
1629249696, 66, 0, 3, 0, 0, 0.09%, 0, 0, 2, 4.30, 18446744073702752341, 18446744073709103656
1629249732, 66, 1, 3, 0, 0, 0.09%, 0, 0, 2, 4.41, 18446744073702752341, 18446744073709103656
1629249753, 66, 2, 3, 0, 0, 0.09%, 0, 0, 2, 4.21, 18446744073702752341, 18446744073709103656
1629249789, 67, 0, 3, 0, 0, 0.09%, 0, 0, 2, 4.38, 18446744073702752341, 18446744073709103656
1629249836, 67, 1, 3, 0, 0, 0.09%, 0, 0, 2, 4.38, 18446744073702752341, 18446744073709103656
1629249856, 67, 2, 3, 0, 0, 0.09%, 0, 0, 2, 4.27, 18446744073702752341, 18446744073709103656
1629249898, 68, 0, 3, 0, 0, 0.09%, 0, 0, 2, 4.87, 18446744073702752341, 18446744073709103656
1629249930, 68, 1, 3, 0, 0, 0.09%, 0, 0, 2, 4.44, 18446744073702752341, 18446744073709103656
1629249950, 68, 2, 3, 0, 0, 0.09%, 0, 0, 2, 4.25, 18446744073702752341, 18446744073709103656
1629249992, 69, 0, 3, 0, 0, 0.09%, 0, 0, 2, 4.33, 18446744073702752341, 18446744073709103656
1629250033, 69, 1, 3, 0, 0, 0.09%, 0, 0, 2, 4.35, 18446744073702752341, 18446744073709103656
1629250054, 69, 2, 3, 0, 0, 0.09%, 0, 0, 2, 4.85, 18446744073702752341, 18446744073709103656
1629250105, 70, 0, 3, 0, 0, 0.09%, 0, 0, 2, 4.48, 18446744073702752341, 18446744073709103656
1629250136, 70, 1, 3, 0, 0, 0.09%, 0, 0, 2, 4.35, 18446744073702752341, 18446744073709103656
1629250156, 70, 2, 3, 0, 0, 0.09%, 0, 0, 2, 4.14, 18446744073702752341, 18446744073709103656
1629250188, 71, 0, 3, 0, 0, 0.09%, 0, 0, 2, 4.33, 18446744073702752341, 18446744073709103656
1629250244, 71, 1, 3, 0, 0, 0.09%, 0, 0, 2, 4.22, 18446744073702752341, 18446744073709103656
1629250264, 71, 2, 3, 0, 0, 0.09%, 0, 0, 2, 4.18, 18446744073702752341, 18446744073709103656
1629250300, 72, 0, 3, 0, 0, 0.09%, 0, 0, 2, 4.24, 18446744073702752341, 18446744073709103656
1629250331, 72, 1, 3, 0, 0, 0.09%, 0, 0, 2, 4.36, 18446744073702752341, 18446744073709103656
1629250352, 72, 2, 3, 0, 0, 0.09%, 0, 0, 2, 4.15, 18446744073702752341, 18446744073709103656
1629250397, 73, 0, 3, 0, 0, 0.09%, 0, 0, 2, 4.57, 18446744073702752341, 18446744073709103656
1629250439, 73, 1, 3, 0, 0, 0.09%, 0, 0, 2, 4.37, 18446744073702752341, 18446744073709103656
1629250459, 73, 2, 3, 0, 0, 0.09%, 0, 0, 2, 4.22, 18446744073702752341, 18446744073709103656
1629250495, 74, 0, 3, 0, 0, 0.09%, 0, 0, 2, 4.48, 18446744073702752341, 18446744073709103656
1629250542, 74, 1, 3, 0, 0, 0.09%, 0, 0, 2, 4.24, 18446744073702752341, 18446744073709103656
1629250557, 74, 2, 3, 0, 0, 0.09%, 0, 0, 2, 4.23, 18446744073702752341, 18446744073709103656
1629250598, 75, 0, 3, 0, 0, 0.09%, 0, 0, 2, 4.45, 18446744073702752341, 18446744073709103656
1629250650, 75, 1, 3, 0, 0, 0.09%, 0, 0, 2, 4.46, 18446744073702752341, 18446744073709103656
1629250665, 75, 2, 3, 0, 0, 0.09%, 0, 0, 2, 4.21, 18446744073702752341, 18446744073709103656
1629250711, 76, 0, 3, 0, 0, 0.09%, 0, 0, 2, 4.80, 18446744073702752341, 18446744073709103656
1629250743, 76, 1, 3, 0, 0, 0.09%, 0, 0, 2, 4.28, 18446744073702752341, 18446744073709103656
1629250758, 76, 2, 3, 0, 0, 0.09%, 0, 0, 2, 4.18, 18446744073702752341, 18446744073709103656
1629250810, 77, 0, 3, 0, 0, 0.09%, 0, 0, 2, 4.41, 18446744073702752341, 18446744073709103656
1629250846, 77, 1, 3, 0, 0, 0.09%, 0, 0, 2, 4.27, 18446744073702752341, 18446744073709103656
1629250867, 77, 2, 3, 0, 0, 0.09%, 0, 0, 2, 4.16, 18446744073702752341, 18446744073709103656
1629250913, 78, 0, 3, 0, 0, 0.09%, 0, 0, 2, 4.43, 18446744073702752341, 18446744073709103656
1629250975, 78, 1, 3, 0, 0, 0.09%, 0, 0, 2, 4.20, 18446744073702752341, 18446744073709103656
1629250991, 78, 2, 3, 0, 0, 0.09%, 0, 0, 2, 4.15, 18446744073702752341, 18446744073709103656
1629251032, 79, 0, 3, 0, 0, 0.09%, 0, 0, 2, 4.22, 18446744073702752341, 18446744073709103656
1629251083, 79, 1, 3, 0, 0, 0.09%, 0, 0, 2, 4.31, 18446744073702752341, 18446744073709103656
1629251103, 79, 2, 3, 0, 0, 0.09%, 0, 0, 2, 4.08, 18446744073702752341, 18446744073709103656
1629251139, 80, 0, 3, 0, 0, 0.09%, 0, 0, 2, 4.22, 18446744073702752341, 18446744073709103656
1629251175, 80, 1, 3, 0, 0, 0.09%, 0, 0, 2, 4.71, 18446744073702752341, 18446744073709103656
1629251196, 80, 2, 3, 0, 0, 0.09%, 0, 0, 2, 4.15, 18446744073702752341, 18446744073709103656
1629251242, 81, 0, 3, 0, 0, 0.09%, 0, 0, 2, 4.56, 18446744073702752341, 18446744073709103656
1629251273, 81, 1, 3, 0, 0, 0.09%, 0, 0, 2, 4.60, 18446744073702752341, 18446744073709103656
1629251294, 81, 2, 3, 0, 0, 0.09%, 0, 0, 2, 4.17, 18446744073702752341, 18446744073709103656
1629251330, 82, 0, 3, 0, 0, 0.09%, 0, 0, 2, 4.61, 18446744073702752341, 18446744073709103656
1629251381, 82, 1, 3, 0, 0, 0.09%, 0, 0, 2, 4.27, 18446744073702752341, 18446744073709103656
1629251397, 82, 2, 3, 0, 0, 0.09%, 0, 0, 2, 4.26, 18446744073702752341, 18446744073709103656
1629251438, 83, 0, 3, 0, 0, 0.09%, 0, 0, 2, 4.63, 18446744073702752341, 18446744073709103656
1629251473, 83, 1, 3, 0, 0, 0.09%, 0, 0, 2, 4.27, 18446744073702752341, 18446744073709103656
1629251494, 83, 2, 3, 0, 0, 0.09%, 0, 0, 2, 4.19, 18446744073702752341, 18446744073709103656
1629251530, 84, 0, 3, 0, 0, 0.09%, 0, 0, 2, 4.48, 18446744073702752341, 18446744073709103656
1629251581, 84, 1, 3, 0, 0, 0.09%, 0, 0, 2, 4.18, 18446744073702752341, 18446744073709103656
1629251596, 84, 2, 3, 0, 0, 0.09%, 0, 0, 2, 4.55, 18446744073702752341, 18446744073709103656
1629251637, 85, 0, 3, 0, 0, 0.09%, 0, 0, 2, 4.63, 18446744073702752341, 18446744073709103656
1629251684, 85, 1, 3, 0, 0, 0.09%, 0, 0, 2, 4.17, 18446744073702752341, 18446744073709103656
1629251699, 85, 2, 3, 0, 0, 0.09%, 0, 0, 2, 4.19, 18446744073702752341, 18446744073709103656
1629251746, 86, 0, 3, 0, 0, 0.09%, 0, 0, 2, 4.52, 18446744073702752341, 18446744073709103656
1629251787, 86, 1, 3, 0, 0, 0.09%, 0, 0, 2, 4.24, 18446744073702752341, 18446744073709103656
1629251807, 86, 2, 3, 0, 0, 0.09%, 0, 0, 2, 4.19, 18446744073702752341, 18446744073709103656
1629251854, 87, 0, 3, 0, 0, 0.09%, 0, 0, 2, 4.30, 18446744073702752341, 18446744073709103656
1629251884, 87, 1, 3, 0, 0, 0.09%, 0, 0, 2, 4.36, 18446744073702752341, 18446744073709103656
1629251905, 87, 2, 3, 0, 0, 0.09%, 0, 0, 2, 4.19, 18446744073702752341, 18446744073709103656
1629251956, 88, 0, 3, 0, 0, 0.09%, 0, 0, 2, 4.33, 18446744073702752341, 18446744073709103656
1629252013, 88, 1, 3, 0, 0, 0.09%, 0, 0, 2, 4.51, 18446744073702752341, 18446744073709103656
1629252033, 88, 2, 3, 0, 0, 0.09%, 0, 0, 2, 4.10, 18446744073702752341, 18446744073709103656
1629252084, 89, 0, 3, 0, 0, 0.09%, 0, 0, 2, 4.28, 18446744073702752341, 18446744073709103656
1629252141, 89, 1, 3, 0, 0, 0.09%, 0, 0, 2, 4.21, 18446744073702752341, 18446744073709103656
1629252162, 89, 2, 3, 0, 0, 0.09%, 0, 0, 2, 4.20, 18446744073702752341, 18446744073709103656
1629252219, 90, 0, 3, 0, 0, 0.09%, 0, 0, 2, 4.28, 18446744073702752341, 18446744073709103656
1629252271, 90, 1, 3, 0, 0, 0.09%, 0, 0, 2, 4.20, 18446744073702752341, 18446744073709103656
1629252291, 90, 2, 3, 0, 0, 0.09%, 0, 0, 2, 4.14, 18446744073702752341, 18446744073709103656
1629252338, 91, 0, 3, 0, 0, 0.09%, 0, 0, 2, 4.50, 18446744073702752341, 18446744073709103656
1629252373, 91, 1, 3, 0, 0, 0.09%, 0, 0, 2, 4.21, 18446744073702752341, 18446744073709103656
1629252389, 91, 2, 3, 0, 0, 0.09%, 0, 0, 2, 4.62, 18446744073702752341, 18446744073709103656
1629252430, 92, 0, 3, 0, 0, 0.09%, 0, 0, 2, 4.25, 18446744073702752341, 18446744073709103656
1629252466, 92, 1, 3, 0, 0, 0.09%, 0, 0, 2, 4.23, 18446744073702752341, 18446744073709103656
1629252487, 92, 2, 3, 0, 0, 0.09%, 0, 0, 2, 4.65, 18446744073702752341, 18446744073709103656
1629252527, 93, 0, 3, 0, 0, 0.09%, 0, 0, 2, 4.30, 18446744073702752341, 18446744073709103656
1629252579, 93, 1, 3, 0, 0, 0.09%, 0, 0, 2, 4.28, 18446744073702752341, 18446744073709103656
1629252594, 93, 2, 3, 0, 0, 0.09%, 0, 0, 2, 4.17, 18446744073702752341, 18446744073709103656
1629252656, 94, 0, 3, 0, 0, 0.09%, 0, 0, 2, 4.74, 18446744073702752341, 18446744073709103656
1629252698, 94, 1, 3, 0, 0, 0.09%, 0, 0, 2, 4.20, 18446744073702752341, 18446744073709103656
1629252718, 94, 2, 3, 0, 0, 0.09%, 0, 0, 2, 4.24, 18446744073702752341, 18446744073709103656
1629252765, 95, 0, 3, 0, 0, 0.09%, 0, 0, 2, 4.27, 18446744073702752341, 18446744073709103656
1629252811, 95, 1, 3, 0, 0, 0.09%, 0, 0, 2, 4.30, 18446744073702752341, 18446744073709103656
1629252826, 95, 2, 3, 0, 0, 0.09%, 0, 0, 2, 4.08, 18446744073702752341, 18446744073709103656
1629252873, 96, 0, 3, 0, 0, 0.09%, 0, 0, 2, 4.49, 18446744073702752341, 18446744073709103656
1629252935, 96, 1, 3, 0, 0, 0.09%, 0, 0, 2, 4.26, 18446744073702752341, 18446744073709103656
1629252955, 96, 2, 3, 0, 0, 0.09%, 0, 0, 2, 4.23, 18446744073702752341, 18446744073709103656
1629252986, 97, 0, 3, 0, 0, 0.09%, 0, 0, 2, 4.24, 18446744073702752341, 18446744073709103656
1629253027, 97, 1, 3, 0, 0, 0.09%, 0, 0, 2, 4.23, 18446744073702752341, 18446744073709103656
1629253043, 97, 2, 3, 0, 0, 0.09%, 0, 0, 2, 4.12, 18446744073702752341, 18446744073709103656
1629253094, 98, 0, 3, 0, 0, 0.09%, 0, 0, 2, 4.28, 18446744073702752341, 18446744073709103656
1629253140, 98, 1, 3, 0, 0, 0.09%, 0, 0, 2, 4.32, 18446744073702752341, 18446744073709103656
1629253161, 98, 2, 3, 0, 0, 0.09%, 0, 0, 2, 4.15, 18446744073702752341, 18446744073709103656
1629253202, 99, 0, 3, 0, 0, 0.09%, 0, 0, 2, 4.49, 18446744073702752341, 18446744073709103656
1629253243, 99, 1, 3, 0, 0, 0.09%, 0, 0, 2, 4.41, 18446744073702752341, 18446744073709103656
1629253263, 99, 2, 3, 0, 0, 0.09%, 0, 0, 2, 4.15, 18446744073702752341, 18446744073709103656
1629253300, 100, 0, 3, 0, 0, 0.09%, 0, 0, 2, 4.47, 18446744073702752341, 18446744073709103656
1629253357, 100, 1, 3, 0, 0, 0.09%, 0, 0, 2, 4.29, 18446744073702752341, 18446744073709103656
1629253372, 100, 2, 3, 0, 0, 0.09%, 0, 0, 2, 4.24, 18446744073702752341, 18446744073709103656
1629253413, 101, 0, 3, 0, 0, 0.09%, 0, 0, 2, 4.64, 18446744073702752341, 18446744073709103656
1629253465, 101, 1, 3, 0, 0, 0.09%, 0, 0, 2, 4.43, 18446744073702752341, 18446744073709103656
1629253480, 101, 2, 3, 0, 0, 0.09%, 0, 0, 2, 4.18, 18446744073702752341, 18446744073709103656
1629253526, 102, 0, 3, 0, 0, 0.09%, 0, 0, 2, 4.50, 18446744073702752341, 18446744073709103656
1629253579, 102, 1, 3, 0, 0, 0.09%, 0, 0, 2, 4.27, 18446744073702752341, 18446744073709103656
1629253594, 102, 2, 3, 0, 0, 0.09%, 0, 0, 2, 4.25, 18446744073702752341, 18446744073709103656
1629253635, 103, 0, 3, 0, 0, 0.09%, 0, 0, 2, 4.34, 18446744073702752341, 18446744073709103656
1629253671, 103, 1, 3, 0, 0, 0.09%, 0, 0, 2, 4.28, 18446744073702752341, 18446744073709103656
1629253686, 103, 2, 3, 0, 0, 0.09%, 0, 0, 2, 4.36, 18446744073702752341, 18446744073709103656
1629253727, 104, 0, 3, 0, 0, 0.09%, 0, 0, 2, 4.37, 18446744073702752341, 18446744073709103656
1629253774, 104, 1, 3, 0, 0, 0.09%, 0, 0, 2, 4.22, 18446744073702752341, 18446744073709103656
1629253789, 104, 2, 3, 0, 0, 0.09%, 0, 0, 2, 4.14, 18446744073702752341, 18446744073709103656
1629253841, 105, 0, 3, 0, 0, 0.09%, 0, 0, 2, 4.40, 18446744073702752341, 18446744073709103656
1629253892, 105, 1, 3, 0, 0, 0.09%, 0, 0, 2, 4.28, 18446744073702752341, 18446744073709103656
1629253908, 105, 2, 3, 0, 0, 0.09%, 0, 0, 2, 4.23, 18446744073702752341, 18446744073709103656
1629253949, 106, 0, 3, 0, 0, 0.09%, 0, 0, 2, 4.41, 18446744073702752341, 18446744073709103656
1629253990, 106, 1, 3, 0, 0, 0.09%, 0, 0, 2, 4.33, 18446744073702752341, 18446744073709103656
1629254006, 106, 2, 3, 0, 0, 0.09%, 0, 0, 2, 4.20, 18446744073702752341, 18446744073709103656
1629254047, 107, 0, 3, 0, 0, 0.09%, 0, 0, 2, 4.50, 18446744073702752341, 18446744073709103656
1629254083, 107, 1, 3, 0, 0, 0.09%, 0, 0, 2, 4.29, 18446744073702752341, 18446744073709103656
1629254099, 107, 2, 3, 0, 0, 0.09%, 0, 0, 2, 4.23, 18446744073702752341, 18446744073709103656
1629254150, 108, 0, 3, 0, 0, 0.09%, 0, 0, 2, 4.42, 18446744073702752341, 18446744073709103656
1629254186, 108, 1, 3, 0, 0, 0.09%, 0, 0, 2, 4.48, 18446744073702752341, 18446744073709103656
1629254207, 108, 2, 3, 0, 0, 0.09%, 0, 0, 2, 4.12, 18446744073702752341, 18446744073709103656
1629254248, 109, 0, 3, 0, 0, 0.09%, 0, 0, 2, 4.40, 18446744073702752341, 18446744073709103656
1629254304, 109, 1, 3, 0, 0, 0.09%, 0, 0, 2, 4.23, 18446744073702752341, 18446744073709103656
1629254320, 109, 2, 3, 0, 0, 0.09%, 0, 0, 2, 4.14, 18446744073702752341, 18446744073709103656
1629254361, 110, 0, 3, 0, 0, 0.09%, 0, 0, 2, 4.23, 18446744073702752341, 18446744073709103656
1629254402, 110, 1, 3, 0, 0, 0.09%, 0, 0, 2, 4.38, 18446744073702752341, 18446744073709103656
1629254423, 110, 2, 3, 0, 0, 0.09%, 0, 0, 2, 4.20, 18446744073702752341, 18446744073709103656
1629254464, 111, 0, 3, 0, 0, 0.09%, 0, 0, 2, 4.40, 18446744073702752341, 18446744073709103656
1629254505, 111, 1, 3, 0, 0, 0.09%, 0, 0, 2, 4.52, 18446744073702752341, 18446744073709103656
1629254525, 111, 2, 3, 0, 0, 0.09%, 0, 0, 2, 4.41, 18446744073702752341, 18446744073709103656
1629254572, 112, 0, 3, 0, 0, 0.09%, 0, 0, 2, 4.39, 18446744073702752341, 18446744073709103656
1629254618, 112, 1, 3, 0, 0, 0.09%, 0, 0, 2, 4.17, 18446744073702752341, 18446744073709103656
1629254634, 112, 2, 3, 0, 0, 0.09%, 0, 0, 2, 4.25, 18446744073702752341, 18446744073709103656
1629254680, 113, 0, 3, 0, 0, 0.09%, 0, 0, 2, 4.54, 18446744073702752341, 18446744073709103656
1629254720, 113, 1, 3, 0, 0, 0.09%, 0, 0, 2, 4.42, 18446744073702752341, 18446744073709103656
1629254736, 113, 2, 3, 0, 0, 0.09%, 0, 0, 2, 4.26, 18446744073702752341, 18446744073709103656
1629254777, 114, 0, 3, 0, 0, 0.09%, 0, 0, 2, 4.42, 18446744073702752341, 18446744073709103656
1629254813, 114, 1, 3, 0, 0, 0.09%, 0, 0, 2, 4.30, 18446744073702752341, 18446744073709103656
1629254834, 114, 2, 3, 0, 0, 0.09%, 0, 0, 2, 4.40, 18446744073702752341, 18446744073709103656
1629254869, 115, 0, 3, 0, 0, 0.09%, 0, 0, 2, 4.39, 18446744073702752341, 18446744073709103656
1629254900, 115, 1, 3, 0, 0, 0.09%, 0, 0, 2, 4.23, 18446744073702752341, 18446744073709103656
1629254921, 115, 2, 3, 0, 0, 0.09%, 0, 0, 2, 4.28, 18446744073702752341, 18446744073709103656
1629254967, 116, 0, 3, 0, 0, 0.09%, 0, 0, 2, 4.43, 18446744073702752341, 18446744073709103656
1629255013, 116, 1, 3, 0, 0, 0.09%, 0, 0, 2, 4.33, 18446744073702752341, 18446744073709103656
1629255034, 116, 2, 3, 0, 0, 0.09%, 0, 0, 2, 4.21, 18446744073702752341, 18446744073709103656
1629255080, 117, 0, 3, 0, 0, 0.09%, 0, 0, 2, 4.34, 18446744073702752341, 18446744073709103656
1629255116, 117, 1, 3, 0, 0, 0.09%, 0, 0, 2, 4.39, 18446744073702752341, 18446744073709103656
1629255132, 117, 2, 3, 0, 0, 0.09%, 0, 0, 2, 4.21, 18446744073702752341, 18446744073709103656
1629255183, 118, 0, 3, 0, 0, 0.09%, 0, 0, 2, 4.23, 18446744073702752341, 18446744073709103656
1629255230, 118, 1, 3, 0, 0, 0.09%, 0, 0, 2, 4.36, 18446744073702752341, 18446744073709103656
1629255245, 118, 2, 3, 0, 0, 0.09%, 0, 0, 2, 4.19, 18446744073702752341, 18446744073709103656
1629255291, 119, 0, 3, 0, 0, 0.09%, 0, 0, 2, 4.89, 18446744073702752341, 18446744073709103656
1629255332, 119, 1, 3, 0, 0, 0.09%, 0, 0, 2, 4.28, 18446744073702752341, 18446744073709103656
1629255353, 119, 2, 3, 0, 0, 0.09%, 0, 0, 2, 4.00, 18446744073702752341, 18446744073709103656
1629255399, 120, 0, 3, 0, 0, 0.09%, 0, 0, 2, 4.47, 18446744073702752341, 18446744073709103656
1629255450, 120, 1, 3, 0, 0, 0.09%, 0, 0, 2, 4.34, 18446744073702752341, 18446744073709103656
1629255471, 120, 2, 3, 0, 0, 0.09%, 0, 0, 2, 4.33, 18446744073702752341, 18446744073709103656
1629255512, 121, 0, 3, 0, 0, 0.09%, 0, 0, 2, 4.47, 18446744073702752341, 18446744073709103656
1629255558, 121, 1, 3, 0, 0, 0.09%, 0, 0, 2, 4.11, 18446744073702752341, 18446744073709103656
1629255574, 121, 2, 3, 0, 0, 0.09%, 0, 0, 2, 3.93, 18446744073702752341, 18446744073709103656
1629255626, 122, 0, 3, 0, 0, 0.09%, 0, 0, 2, 4.26, 18446744073702752341, 18446744073709103656
1629255677, 122, 1, 3, 0, 0, 0.09%, 0, 0, 2, 4.19, 18446744073702752341, 18446744073709103656
1629255698, 122, 2, 3, 0, 0, 0.09%, 0, 0, 2, 4.14, 18446744073702752341, 18446744073709103656
1629255740, 123, 0, 3, 0, 0, 0.09%, 0, 0, 2, 4.13, 18446744073702752341, 18446744073709103656
1629255792, 123, 1, 3, 0, 0, 0.09%, 0, 0, 2, 4.15, 18446744073702752341, 18446744073709103656
1629255812, 123, 2, 3, 0, 0, 0.09%, 0, 0, 2, 4.08, 18446744073702752341, 18446744073709103656
1629255859, 124, 0, 3, 0, 0, 0.09%, 0, 0, 2, 4.37, 18446744073702752341, 18446744073709103656
1629255905, 124, 1, 3, 0, 0, 0.09%, 0, 0, 2, 4.24, 18446744073702752341, 18446744073709103656
1629255925, 124, 2, 3, 0, 0, 0.09%, 0, 0, 2, 4.64, 18446744073702752341, 18446744073709103656
1629255978, 125, 0, 3, 0, 0, 0.09%, 0, 0, 2, 4.42, 18446744073702752341, 18446744073709103656
1629256024, 125, 1, 3, 0, 0, 0.09%, 0, 0, 2, 4.33, 18446744073702752341, 18446744073709103656
1629256040, 125, 2, 3, 0, 0, 0.09%, 0, 0, 2, 4.05, 18446744073702752341, 18446744073709103656
1629256091, 126, 0, 3, 0, 0, 0.09%, 0, 0, 2, 4.67, 18446744073702752341, 18446744073709103656
1629256138, 126, 1, 3, 0, 0, 0.09%, 0, 0, 2, 3.98, 18446744073702752341, 18446744073709103656
1629256153, 126, 2, 3, 0, 0, 0.09%, 0, 0, 2, 4.39, 18446744073702752341, 18446744073709103656
1629256210, 127, 0, 3, 0, 0, 0.09%, 0, 0, 2, 4.58, 18446744073702752341, 18446744073709103656
1629256241, 127, 1, 3, 0, 0, 0.09%, 0, 0, 2, 4.02, 18446744073702752341, 18446744073709103656
1629256256, 127, 2, 3, 0, 0, 0.09%, 0, 0, 2, 4.12, 18446744073702752341, 18446744073709103656
1629256302, 128, 0, 3, 0, 0, 0.09%, 0, 0, 2, 4.13, 18446744073702752341, 18446744073709103656
1629256338, 128, 1, 3, 0, 0, 0.09%, 0, 0, 2, 4.28, 18446744073702752341, 18446744073709103656
1629256359, 128, 2, 3, 0, 0, 0.09%, 0, 0, 2, 4.17, 18446744073702752341, 18446744073709103656
1629256405, 129, 0, 3, 0, 0, 0.09%, 0, 0, 2, 4.34, 18446744073702752341, 18446744073709103656
1629256446, 129, 1, 3, 0, 0, 0.09%, 0, 0, 2, 4.19, 18446744073702752341, 18446744073709103656
1629256461, 129, 2, 3, 0, 0, 0.09%, 0, 0, 2, 4.13, 18446744073702752341, 18446744073709103656
1629256528, 130, 0, 3, 0, 0, 0.09%, 0, 0, 2, 4.49, 18446744073702752341, 18446744073709103656
1629256575, 130, 1, 3, 0, 0, 0.09%, 0, 0, 2, 4.22, 18446744073702752341, 18446744073709103656
1629256590, 130, 2, 3, 0, 0, 0.09%, 0, 0, 2, 3.87, 18446744073702752341, 18446744073709103656
1629256647, 131, 0, 3, 0, 0, 0.09%, 0, 0, 2, 3.76, 18446744073702752341, 18446744073709103656
1629256693, 131, 1, 3, 0, 0, 0.09%, 0, 0, 2, 3.59, 18446744073702752341, 18446744073709103656
1629256713, 131, 2, 3, 0, 0, 0.09%, 0, 0, 2, 3.52, 18446744073702752341, 18446744073709103656
1629256785, 132, 0, 3, 0, 0, 0.09%, 0, 0, 2, 3.73, 18446744073702752341, 18446744073709103656
1629256841, 132, 1, 3, 0, 0, 0.09%, 0, 0, 2, 3.78, 18446744073702752341, 18446744073709103656
1629256861, 132, 2, 3, 0, 0, 0.09%, 0, 0, 2, 3.86, 18446744073702752341, 18446744073709103656
1629256902, 133, 0, 3, 0, 0, 0.09%, 0, 0, 2, 3.72, 18446744073702752341, 18446744073709103656
1629256949, 133, 1, 3, 0, 0, 0.09%, 0, 0, 2, 3.61, 18446744073702752341, 18446744073709103656
1629256969, 133, 2, 3, 0, 0, 0.09%, 0, 0, 2, 3.65, 18446744073702752341, 18446744073709103656
1629257025, 134, 0, 3, 0, 0, 0.09%, 0, 0, 2, 3.71, 18446744073702752341, 18446744073709103656
1629257066, 134, 1, 3, 0, 0, 0.09%, 0, 0, 2, 3.77, 18446744073702752341, 18446744073709103656
1629257087, 134, 2, 3, 0, 0, 0.09%, 0, 0, 2, 3.63, 18446744073702752341, 18446744073709103656
1629257123, 135, 0, 3, 0, 0, 0.09%, 0, 0, 2, 3.68, 18446744073702752341, 18446744073709103656
1629257174, 135, 1, 3, 0, 0, 0.09%, 0, 0, 2, 4.13, 18446744073702752341, 18446744073709103656
1629257195, 135, 2, 3, 0, 0, 0.09%, 0, 0, 2, 3.61, 18446744073702752341, 18446744073709103656
1629257246, 136, 0, 3, 0, 0, 0.09%, 0, 0, 2, 3.70, 18446744073702752341, 18446744073709103656
1629257308, 136, 1, 3, 0, 0, 0.09%, 0, 0, 2, 3.62, 18446744073702752341, 18446744073709103656
1629257329, 136, 2, 3, 0, 0, 0.09%, 0, 0, 2, 3.67, 18446744073702752341, 18446744073709103656
1629257370, 137, 0, 3, 0, 0, 0.09%, 0, 0, 2, 3.86, 18446744073702752341, 18446744073709103656
1629257420, 137, 1, 3, 0, 0, 0.09%, 0, 0, 2, 3.57, 18446744073702752341, 18446744073709103656
1629257441, 137, 2, 3, 0, 0, 0.09%, 0, 0, 2, 3.76, 18446744073702752341, 18446744073709103656
1629257477, 138, 0, 3, 0, 0, 0.09%, 0, 0, 2, 3.78, 18446744073702752341, 18446744073709103656
1629257523, 138, 1, 3, 0, 0, 0.09%, 0, 0, 2, 3.71, 18446744073702752341, 18446744073709103656
1629257544, 138, 2, 3, 0, 0, 0.09%, 0, 0, 2, 3.62, 18446744073702752341, 18446744073709103656
1629257585, 139, 0, 3, 0, 0, 0.09%, 0, 0, 2, 3.73, 18446744073702752341, 18446744073709103656
1629257631, 139, 1, 3, 0, 0, 0.09%, 0, 0, 2, 3.65, 18446744073702752341, 18446744073709103656
1629257652, 139, 2, 3, 0, 0, 0.09%, 0, 0, 2, 3.60, 18446744073702752341, 18446744073709103656
1629257693, 140, 0, 3, 0, 0, 0.09%, 0, 0, 2, 3.58, 18446744073702752341, 18446744073709103656
1629257765, 140, 1, 3, 0, 0, 0.09%, 0, 0, 2, 3.66, 18446744073702752341, 18446744073709103656
1629257785, 140, 2, 3, 0, 0, 0.09%, 0, 0, 2, 4.13, 18446744073702752341, 18446744073709103656
1629257836, 141, 0, 3, 0, 0, 0.09%, 0, 0, 2, 4.27, 18446744073702752341, 18446744073709103656
1629257883, 141, 1, 3, 0, 0, 0.09%, 0, 0, 2, 4.27, 18446744073702752341, 18446744073709103656
1629257898, 141, 2, 3, 0, 0, 0.09%, 0, 0, 2, 4.16, 18446744073702752341, 18446744073709103656
1629257939, 142, 0, 3, 0, 0, 0.09%, 0, 0, 2, 4.26, 18446744073702752341, 18446744073709103656
1629257975, 142, 1, 3, 0, 0, 0.09%, 0, 0, 2, 4.30, 18446744073702752341, 18446744073709103656
1629257991, 142, 2, 3, 0, 0, 0.09%, 0, 0, 2, 4.14, 18446744073702752341, 18446744073709103656
1629258037, 143, 0, 3, 0, 0, 0.09%, 0, 0, 2, 4.56, 18446744073702752341, 18446744073709103656
1629258083, 143, 1, 3, 0, 0, 0.09%, 0, 0, 2, 4.19, 18446744073702752341, 18446744073709103656
1629258098, 143, 2, 3, 0, 0, 0.09%, 0, 0, 2, 4.20, 18446744073702752341, 18446744073709103656
1629258134, 144, 0, 3, 0, 0, 0.09%, 0, 0, 2, 4.39, 18446744073702752341, 18446744073709103656
1629258181, 144, 1, 3, 0, 0, 0.09%, 0, 0, 2, 4.32, 18446744073702752341, 18446744073709103656
1629258201, 144, 2, 3, 0, 0, 0.09%, 0, 0, 2, 4.26, 18446744073702752341, 18446744073709103656
1629258243, 145, 0, 3, 0, 0, 0.09%, 0, 0, 2, 4.40, 18446744073702752341, 18446744073709103656
1629258294, 145, 1, 3, 0, 0, 0.09%, 0, 0, 2, 4.13, 18446744073702752341, 18446744073709103656
1629258310, 145, 2, 3, 0, 0, 0.09%, 0, 0, 2, 4.13, 18446744073702752341, 18446744073709103656
1629258351, 146, 0, 3, 0, 0, 0.09%, 0, 0, 2, 4.50, 18446744073702752341, 18446744073709103656
1629258392, 146, 1, 3, 0, 0, 0.09%, 0, 0, 2, 4.15, 18446744073702752341, 18446744073709103656
1629258407, 146, 2, 3, 0, 0, 0.09%, 0, 0, 2, 4.09, 18446744073702752341, 18446744073709103656
1629258449, 147, 0, 3, 0, 0, 0.09%, 0, 0, 2, 4.21, 18446744073702752341, 18446744073709103656
1629258485, 147, 1, 3, 0, 0, 0.09%, 0, 0, 2, 4.12, 18446744073702752341, 18446744073709103656
1629258505, 147, 2, 3, 0, 0, 0.09%, 0, 0, 2, 4.10, 18446744073702752341, 18446744073709103656
1629258562, 148, 0, 3, 0, 0, 0.09%, 0, 0, 2, 4.16, 18446744073702752341, 18446744073709103656
1629258609, 148, 1, 3, 0, 0, 0.09%, 0, 0, 2, 4.30, 18446744073702752341, 18446744073709103656
1629258624, 148, 2, 3, 0, 0, 0.09%, 0, 0, 2, 4.41, 18446744073702752341, 18446744073709103656
1629258676, 149, 0, 3, 0, 0, 0.09%, 0, 0, 2, 4.24, 18446744073702752341, 18446744073709103656
1629258728, 149, 1, 3, 0, 0, 0.09%, 0, 0, 2, 4.63, 18446744073702752341, 18446744073709103656
1629258748, 149, 2, 3, 0, 0, 0.09%, 0, 0, 2, 3.98, 18446744073702752341, 18446744073709103656
1629258775, 150, 0, 3, 0, 0, 0.09%, 0, 0, 2, 4.01, 18446744073702752341, 18446744073709103656
1629258821, 150, 1, 3, 0, 0, 0.09%, 0, 0, 2, 4.58, 18446744073702752341, 18446744073709103656
1629258841, 150, 2, 3, 0, 0, 0.09%, 0, 0, 2, 4.09, 18446744073702752341, 18446744073709103656
1629258883, 151, 0, 3, 0, 0, 0.09%, 0, 0, 2, 4.77, 18446744073702752341, 18446744073709103656
1629258934, 151, 1, 3, 0, 0, 0.09%, 0, 0, 2, 4.34, 18446744073702752341, 18446744073709103656
1629258950, 151, 2, 3, 0, 0, 0.09%, 0, 0, 2, 4.23, 18446744073702752341, 18446744073709103656
1629259001, 152, 0, 3, 0, 0, 0.09%, 0, 0, 2, 4.24, 18446744073702752341, 18446744073709103656
1629259052, 152, 1, 3, 0, 0, 0.09%, 0, 0, 2, 4.10, 18446744073702752341, 18446744073709103656
1629259068, 152, 2, 3, 0, 0, 0.09%, 0, 0, 2, 4.18, 18446744073702752341, 18446744073709103656
1629259109, 153, 0, 3, 0, 0, 0.09%, 0, 0, 2, 4.63, 18446744073702752341, 18446744073709103656
1629259160, 153, 1, 3, 0, 0, 0.09%, 0, 0, 2, 4.25, 18446744073702752341, 18446744073709103656
1629259176, 153, 2, 3, 0, 0, 0.09%, 0, 0, 2, 4.22, 18446744073702752341, 18446744073709103656
1629259207, 154, 0, 3, 0, 0, 0.09%, 0, 0, 2, 4.40, 18446744073702752341, 18446744073709103656
1629259259, 154, 1, 3, 0, 0, 0.09%, 0, 0, 2, 4.34, 18446744073702752341, 18446744073709103656
1629259280, 154, 2, 3, 0, 0, 0.09%, 0, 0, 2, 4.08, 18446744073702752341, 18446744073709103656
1629259326, 155, 0, 3, 0, 0, 0.09%, 0, 0, 2, 4.61, 18446744073702752341, 18446744073709103656
1629259372, 155, 1, 3, 0, 0, 0.09%, 0, 0, 2, 4.34, 18446744073702752341, 18446744073709103656
1629259393, 155, 2, 3, 0, 0, 0.09%, 0, 0, 2, 4.07, 18446744073702752341, 18446744073709103656
1629259429, 156, 0, 3, 0, 0, 0.09%, 0, 0, 2, 4.41, 18446744073702752341, 18446744073709103656
1629259490, 156, 1, 3, 0, 0, 0.09%, 0, 0, 2, 4.15, 18446744073702752341, 18446744073709103656
1629259511, 156, 2, 3, 0, 0, 0.09%, 0, 0, 2, 4.18, 18446744073702752341, 18446744073709103656
1629259573, 157, 0, 3, 0, 0, 0.09%, 0, 0, 2, 2.44, 18446744073702752341, 18446744073709103656
1629259646, 157, 1, 3, 0, 0, 0.09%, 0, 0, 2, 2.98, 18446744073702752341, 18446744073709103656
1629259672, 157, 2, 3, 0, 0, 0.09%, 0, 0, 2, 3.17, 18446744073702752341, 18446744073709103656
1629259724, 158, 0, 3, 0, 0, 0.09%, 0, 0, 2, 3.14, 18446744073702752341, 18446744073709103656
1629259782, 158, 1, 3, 0, 0, 0.09%, 0, 0, 2, 3.56, 18446744073702752341, 18446744073709103656
1629259814, 158, 2, 3, 0, 0, 0.09%, 0, 0, 2, 2.69, 18446744073702752341, 18446744073709103656
1629259876, 159, 0, 3, 0, 0, 0.09%, 0, 0, 2, 3.00, 18446744073702752341, 18446744073709103656
1629259949, 159, 1, 3, 0, 0, 0.09%, 0, 0, 2, 3.20, 18446744073702752341, 18446744073709103656
1629259975, 159, 2, 3, 0, 0, 0.09%, 0, 0, 2, 2.99, 18446744073702752341, 18446744073709103656
1629260022, 160, 0, 3, 0, 0, 0.09%, 0, 0, 2, 3.09, 18446744073702752341, 18446744073709103656
1629260088, 160, 1, 3, 0, 0, 0.09%, 0, 0, 2, 3.02, 18446744073702752341, 18446744073709103656
1629260115, 160, 2, 3, 0, 0, 0.09%, 0, 0, 2, 2.93, 18446744073702752341, 18446744073709103656
1629260188, 161, 0, 3, 0, 0, 0.09%, 0, 0, 2, 2.97, 18446744073702752341, 18446744073709103656
1629260255, 161, 1, 3, 0, 0, 0.09%, 0, 0, 2, 3.41, 18446744073702752341, 18446744073709103656
1629260280, 161, 2, 3, 0, 0, 0.09%, 0, 0, 2, 3.00, 18446744073702752341, 18446744073709103656
1629260348, 162, 0, 3, 0, 0, 0.09%, 0, 0, 2, 3.11, 18446744073702752341, 18446744073709103656
1629260416, 162, 1, 3, 0, 0, 0.09%, 0, 0, 2, 3.20, 18446744073702752341, 18446744073709103656
1629260442, 162, 2, 3, 0, 0, 0.09%, 0, 0, 2, 3.00, 18446744073702752341, 18446744073709103656
1629260498, 163, 0, 3, 0, 0, 0.09%, 0, 0, 2, 3.27, 18446744073702752341, 18446744073709103656
1629260581, 163, 1, 3, 0, 0, 0.09%, 0, 0, 2, 3.26, 18446744073702752341, 18446744073709103656
1629260612, 163, 2, 3, 0, 0, 0.09%, 0, 0, 2, 2.59, 18446744073702752341, 18446744073709103656
1629260680, 164, 0, 3, 0, 0, 0.09%, 0, 0, 2, 2.97, 18446744073702752341, 18446744073709103656
1629260743, 164, 1, 3, 0, 0, 0.09%, 0, 0, 2, 2.81, 18446744073702752341, 18446744073709103656
1629260769, 164, 2, 3, 0, 0, 0.09%, 0, 0, 2, 3.06, 18446744073702752341, 18446744073709103656
1629260837, 165, 0, 3, 0, 0, 0.09%, 0, 0, 2, 2.83, 18446744073702752341, 18446744073709103656
1629260895, 165, 1, 3, 0, 0, 0.09%, 0, 0, 2, 3.14, 18446744073702752341, 18446744073709103656
1629260921, 165, 2, 3, 0, 0, 0.09%, 0, 0, 2, 3.01, 18446744073702752341, 18446744073709103656
1629260973, 166, 0, 3, 0, 0, 0.09%, 0, 0, 2, 3.25, 18446744073702752341, 18446744073709103656
1629261046, 166, 1, 3, 0, 0, 0.09%, 0, 0, 2, 3.19, 18446744073702752341, 18446744073709103656
1629261066, 166, 2, 3, 0, 0, 0.09%, 0, 0, 2, 3.19, 18446744073702752341, 18446744073709103656
1629261140, 167, 0, 3, 0, 0, 0.09%, 0, 0, 2, 3.28, 18446744073702752341, 18446744073709103656
1629261222, 167, 1, 3, 0, 0, 0.09%, 0, 0, 2, 3.50, 18446744073702752341, 18446744073709103656
1629261248, 167, 2, 3, 0, 0, 0.09%, 0, 0, 2, 3.77, 18446744073702752341, 18446744073709103656
1629261294, 168, 0, 3, 0, 0, 0.09%, 0, 0, 2, 4.38, 18446744073702752341, 18446744073709103656
1629261347, 168, 1, 3, 0, 0, 0.09%, 0, 0, 2, 4.08, 18446744073702752341, 18446744073709103656
1629261367, 168, 2, 3, 0, 0, 0.09%, 0, 0, 2, 4.17, 18446744073702752341, 18446744073709103656
1629261408, 169, 0, 3, 0, 0, 0.09%, 0, 0, 2, 4.20, 18446744073702752341, 18446744073709103656
1629261454, 169, 1, 3, 0, 0, 0.09%, 0, 0, 2, 4.07, 18446744073702752341, 18446744073709103656
1629261470, 169, 2, 3, 0, 0, 0.09%, 0, 0, 2, 4.05, 18446744073702752341, 18446744073709103656
1629261516, 170, 0, 3, 0, 0, 0.09%, 0, 0, 2, 4.24, 18446744073702752341, 18446744073709103656
1629261563, 170, 1, 3, 0, 0, 0.09%, 0, 0, 2, 4.07, 18446744073702752341, 18446744073709103656
1629261583, 170, 2, 3, 0, 0, 0.09%, 0, 0, 2, 4.10, 18446744073702752341, 18446744073709103656
1629261625, 171, 0, 3, 0, 0, 0.09%, 0, 0, 2, 4.19, 18446744073702752341, 18446744073709103656
1629261672, 171, 1, 3, 0, 0, 0.09%, 0, 0, 2, 4.33, 18446744073702752341, 18446744073709103656
1629261687, 171, 2, 3, 0, 0, 0.09%, 0, 0, 2, 4.14, 18446744073702752341, 18446744073709103656
1629261734, 172, 0, 3, 0, 0, 0.09%, 0, 0, 2, 4.14, 18446744073702752341, 18446744073709103656
1629261781, 172, 1, 3, 0, 0, 0.09%, 0, 0, 2, 4.13, 18446744073702752341, 18446744073709103656
1629261797, 172, 2, 3, 0, 0, 0.09%, 0, 0, 2, 3.87, 18446744073702752341, 18446744073709103656
1629261838, 173, 0, 3, 0, 0, 0.09%, 0, 0, 2, 4.23, 18446744073702752341, 18446744073709103656
1629261900, 173, 1, 3, 0, 0, 0.09%, 0, 0, 2, 4.10, 18446744073702752341, 18446744073709103656
1629261915, 173, 2, 3, 0, 0, 0.09%, 0, 0, 2, 4.01, 18446744073702752341, 18446744073709103656
1629261956, 174, 0, 3, 0, 0, 0.09%, 0, 0, 2, 4.28, 18446744073702752341, 18446744073709103656
1629262007, 174, 1, 3, 0, 0, 0.09%, 0, 0, 2, 4.07, 18446744073702752341, 18446744073709103656
1629262028, 174, 2, 3, 0, 0, 0.09%, 0, 0, 2, 4.05, 18446744073702752341, 18446744073709103656
1629262080, 175, 0, 3, 0, 0, 0.09%, 0, 0, 2, 4.11, 18446744073702752341, 18446744073709103656
1629262126, 175, 1, 3, 0, 0, 0.09%, 0, 0, 2, 4.34, 18446744073702752341, 18446744073709103656
1629262146, 175, 2, 3, 0, 0, 0.09%, 0, 0, 2, 4.42, 18446744073702752341, 18446744073709103656
1629262207, 176, 0, 3, 0, 0, 0.09%, 0, 0, 2, 4.26, 18446744073702752341, 18446744073709103656
1629262259, 176, 1, 3, 0, 0, 0.09%, 0, 0, 2, 4.28, 18446744073702752341, 18446744073709103656
1629262279, 176, 2, 3, 0, 0, 0.09%, 0, 0, 2, 4.10, 18446744073702752341, 18446744073709103656
1629262321, 177, 0, 3, 0, 0, 0.09%, 0, 0, 2, 4.29, 18446744073702752341, 18446744073709103656
1629262346, 177, 1, 3, 0, 0, 0.09%, 0, 0, 2, 4.31, 18446744073702752341, 18446744073709103656
1629262366, 177, 2, 3, 0, 0, 0.09%, 0, 0, 2, 4.20, 18446744073702752341, 18446744073709103656
1629262408, 178, 0, 3, 0, 0, 0.09%, 0, 0, 2, 4.40, 18446744073702752341, 18446744073709103656
1629262464, 178, 1, 3, 0, 0, 0.09%, 0, 0, 2, 4.28, 18446744073702752341, 18446744073709103656
1629262480, 178, 2, 3, 0, 0, 0.09%, 0, 0, 2, 4.30, 18446744073702752341, 18446744073709103656
1629262526, 179, 0, 3, 0, 0, 0.09%, 0, 0, 2, 4.35, 18446744073702752341, 18446744073709103656
1629262577, 179, 1, 3, 0, 0, 0.09%, 0, 0, 2, 4.23, 18446744073702752341, 18446744073709103656
1629262593, 179, 2, 3, 0, 0, 0.09%, 0, 0, 2, 4.39, 18446744073702752341, 18446744073709103656
1629262634, 180, 0, 3, 0, 0, 0.09%, 0, 0, 2, 4.22, 18446744073702752341, 18446744073709103656
1629262665, 180, 1, 3, 0, 0, 0.09%, 0, 0, 2, 4.38, 18446744073702752341, 18446744073709103656
1629262685, 180, 2, 3, 0, 0, 0.09%, 0, 0, 2, 4.18, 18446744073702752341, 18446744073709103656
1629262721, 181, 0, 3, 0, 0, 0.09%, 0, 0, 2, 4.50, 18446744073702752341, 18446744073709103656
1629262763, 181, 1, 3, 0, 0, 0.09%, 0, 0, 2, 4.16, 18446744073702752341, 18446744073709103656
1629262778, 181, 2, 3, 0, 0, 0.09%, 0, 0, 2, 4.42, 18446744073702752341, 18446744073709103656
1629262830, 182, 0, 3, 0, 0, 0.09%, 0, 0, 2, 4.31, 18446744073702752341, 18446744073709103656
1629262871, 182, 1, 3, 0, 0, 0.09%, 0, 0, 2, 4.26, 18446744073702752341, 18446744073709103656
1629262892, 182, 2, 3, 0, 0, 0.09%, 0, 0, 2, 4.17, 18446744073702752341, 18446744073709103656
1629262944, 183, 0, 3, 0, 0, 0.09%, 0, 0, 2, 4.31, 18446744073702752341, 18446744073709103656
                                                                                              