# unix_time, cycles_done, cur_path, paths_total, pending_total, pending_favs, map_size, unique_crashes, unique_hangs, max_depth, execs_per_sec, lowscore, highscore
1626317580, 0, 0, 1, 1, 1, 0.04%, 0, 0, 1, 5.30, 18446744073706719721, 18446744073706719721
1626317586, 0, 0, 1, 1, 1, 0.04%, 1, 0, 1, 5.03, 18446744073706719721, 18446744073706719721
1626317596, 1, 0, 1, 0, 0, 0.04%, 1, 0, 1, 4.97, 18446744073706719721, 18446744073706719721
1626317612, 2, 0, 1, 0, 0, 0.04%, 1, 0, 1, 4.97, 18446744073706719721, 18446744073706719721
1626317622, 2, 0, 2, 1, 0, 0.08%, 1, 0, 2, 4.88, 18446744073706719721, 18446744073706719721
1626317638, 2, 0, 2, 1, 0, 0.08%, 1, 0, 2, 4.72, 18446744073706394128, 18446744073706719721
1626317704, 2, 1, 3, 2, 1, 0.09%, 1, 0, 3, 4.51, 18446744073706394128, 18446744073706719721
1626317715, 2, 1, 4, 3, 1, 0.11%, 1, 0, 3, 4.60, 18446744073705851990, 18446744073706719721
1626317766, 2, 1, 5, 4, 1, 0.11%, 1, 0, 3, 4.44, 18446744073705851990, 18446744073706719721
1626317772, 2, 1, 6, 5, 1, 0.11%, 1, 0, 3, 4.48, 18446744073705851990, 18446744073706719721
1626317875, 2, 1, 7, 6, 1, 0.11%, 1, 0, 3, 4.16, 18446744073705296428, 18446744073706719721
1626317906, 2, 2, 8, 6, 2, 0.12%, 1, 0, 4, 4.55, 18446744073705296428, 18446744073706719721
1626318034, 2, 5, 8, 5, 1, 0.12%, 1, 0, 4, 4.74, 18446744073705296428, 18446744073706719721
1626318117, 2, 6, 8, 4, 0, 0.12%, 1, 0, 4, 5.18, 18446744073705296428, 18446744073706719721
