# unix_time, cycles_done, cur_path, paths_total, pending_total, pending_favs, map_size, unique_crashes, unique_hangs, max_depth, execs_per_sec, lowscore, highscore, regression, patch_dist
1629656700, 0, 0, 1, 1, 1, 0.04%, 0, 0, 1, 5.82, 24, 24, 2, 0
1629656715, 1, 0, 1, 0, 0, 0.04%, 0, 0, 1, 5.79, 24, 24, 0, 0
1629656726, 2, 0, 1, 0, 0, 0.04%, 0, 0, 1, 5.46, 24, 24, 0, 0
1629656741, 3, 0, 1, 0, 0, 0.04%, 0, 0, 1, 5.64, 24, 24, 0, 0
1629656757, 4, 0, 1, 0, 0, 0.04%, 0, 0, 1, 5.39, 24, 24, 0, 0
1629656767, 5, 0, 1, 0, 0, 0.04%, 0, 0, 1, 5.65, 24, 24, 0, 0
1629656783, 6, 0, 1, 0, 0, 0.04%, 0, 0, 1, 5.71, 24, 24, 0, 0
1629656798, 7, 0, 2, 1, 0, 0.07%, 0, 0, 2, 5.02, 24, 24, 0, 0
1629656808, 7, 0, 2, 1, 0, 0.07%, 0, 0, 2, 4.57, 24, 60, 0, 0
1629656876, 7, 1, 2, 1, 1, 0.07%, 0, 0, 2, 5.38, 24, 60, 0, 0
1629656943, 7, 1, 3, 2, 1, 0.10%, 0, 0, 3, 4.72, 24, 60, 0, 0
1629656953, 7, 1, 3, 2, 1, 0.10%, 0, 0, 3, 4.25, 24, 66, 0, 0
1629657062, 7, 2, 3, 1, 1, 0.10%, 0, 0, 3, 5.73, 24, 66, 0, 0
1629657224, 8, 0, 3, 0, 0, 0.10%, 0, 0, 3, 5.56, 24, 66, 0, 0
