# unix_time, cycles_done, cur_path, paths_total, pending_total, pending_favs, map_size, unique_crashes, unique_hangs, max_depth, execs_per_sec, lowscore, highscore
1626315497, 0, 0, 1, 1, 1, 0.04%, 0, 0, 1, 5.53, 18446744073707563905, 18446744073707563905
1626315503, 0, 0, 1, 1, 1, 0.04%, 1, 0, 1, 5.73, 18446744073707563905, 18446744073707563905
1626315513, 1, 0, 1, 0, 0, 0.04%, 1, 0, 1, 4.70, 18446744073707563905, 18446744073707563905
1626315528, 2, 0, 1, 0, 0, 0.04%, 1, 0, 1, 5.14, 18446744073707563905, 18446744073707563905
1626315539, 2, 0, 2, 1, 0, 0.06%, 1, 0, 2, 4.27, 18446744073707563905, 18446744073707563905
1626315549, 2, 0, 2, 1, 0, 0.06%, 1, 0, 2, 5.06, 18446744073707355949, 18446744073707563905
1626315564, 2, 0, 3, 2, 0, 0.07%, 1, 0, 2, 5.38, 18446744073707355949, 18446744073707563905
1626315647, 2, 1, 3, 2, 2, 0.07%, 1, 0, 2, 5.31, 18446744073707355949, 18446744073707563905
1626315734, 2, 2, 3, 1, 1, 0.07%, 1, 0, 2, 5.24, 18446744073707355949, 18446744073707563905
1626315822, 3, 0, 3, 0, 0, 0.07%, 1, 0, 2, 4.90, 18446744073707355949, 18446744073707563905
1626315852, 3, 0, 4, 1, 0, 0.07%, 1, 0, 2, 4.36, 18446744073707355949, 18446744073707563905
1626315863, 3, 0, 4, 1, 0, 0.07%, 1, 0, 2, 4.48, 18446744073707328517, 18446744073707563905
1626315894, 3, 1, 4, 1, 0, 0.07%, 1, 0, 2, 4.97, 18446744073707328517, 18446744073707563905
1626315981, 3, 2, 4, 1, 0, 0.07%, 1, 0, 2, 4.82, 18446744073707328517, 18446744073707563905
1626316059, 3, 2, 5, 2, 0, 0.07%, 1, 0, 3, 4.48, 18446744073707328517, 18446744073707563905
1626316064, 3, 2, 5, 2, 0, 0.07%, 1, 0, 3, 4.66, 18446744073707235880, 18446744073707563905
1626316074, 3, 3, 5, 2, 0, 0.07%, 1, 0, 3, 4.96, 18446744073707235880, 18446744073707563905
1626316162, 3, 4, 5, 1, 0, 0.07%, 1, 0, 3, 5.23, 18446744073707235880, 18446744073707563905
1626316249, 4, 0, 5, 0, 0, 0.07%, 1, 0, 3, 4.86, 18446744073707235880, 18446744073707563905
1626316316, 4, 1, 5, 0, 0, 0.07%, 1, 0, 3, 4.66, 18446744073707235880, 18446744073707563905
1626316383, 4, 2, 5, 0, 0, 0.07%, 1, 0, 3, 5.31, 18446744073707235880, 18446744073707563905
1626316444, 4, 3, 5, 0, 0, 0.07%, 1, 0, 3, 4.63, 18446744073707235880, 18446744073707563905
1626316538, 4, 4, 5, 0, 0, 0.07%, 1, 0, 3, 4.69, 18446744073707235880, 18446744073707563905
1626316625, 5, 0, 5, 0, 0, 0.07%, 1, 0, 3, 4.67, 18446744073707235880, 18446744073707563905
1626316692, 5, 1, 5, 0, 0, 0.07%, 1, 0, 3, 4.68, 18446744073707235880, 18446744073707563905
1626316759, 5, 2, 5, 0, 0, 0.07%, 1, 0, 3, 5.13, 18446744073707235880, 18446744073707563905
1626316820, 5, 3, 5, 0, 0, 0.07%, 1, 0, 3, 4.77, 18446744073707235880, 18446744073707563905
1626316913, 5, 4, 5, 0, 0, 0.07%, 1, 0, 3, 4.71, 18446744073707235880, 18446744073707563905
1626317005, 6, 0, 5, 0, 0, 0.07%, 1, 0, 3, 4.88, 18446744073707235880, 18446744073707563905
1626317067, 6, 1, 5, 0, 0, 0.07%, 1, 0, 3, 4.84, 18446744073707235880, 18446744073707563905
1626317130, 6, 2, 5, 0, 0, 0.07%, 1, 0, 3, 4.98, 18446744073707235880, 18446744073707563905
1626317145, 6, 2, 6, 1, 0, 0.10%, 1, 0, 3, 4.56, 18446744073707235880, 18446744073707563905
1626317155, 6, 2, 6, 1, 0, 0.10%, 1, 0, 3, 4.70, 18446744073530917492, 18446744073707563905
1626317222, 6, 3, 6, 1, 0, 0.10%, 1, 0, 3, 4.42, 18446744073530917492, 18446744073707563905
1626317289, 6, 4, 6, 1, 0, 0.10%, 1, 0, 3, 4.62, 18446744073530917492, 18446744073707563905
1626317356, 6, 5, 6, 1, 0, 0.10%, 1, 0, 3, 4.54, 18446744073530917492, 18446744073707563905
