# unix_time, cycles_done, cur_path, paths_total, pending_total, pending_favs, map_size, unique_crashes, unique_hangs, max_depth, execs_per_sec, lowscore, highscore
1626312280, 0, 0, 1, 1, 1, 0.04%, 0, 0, 1, 5.40, 18446744073704001196, 18446744073704001196
1626312285, 0, 0, 1, 1, 1, 0.04%, 1, 0, 1, 5.16, 18446744073704001196, 18446744073704001196
1626312295, 1, 0, 1, 0, 0, 0.04%, 1, 0, 1, 5.48, 18446744073704001196, 18446744073704001196
1626312311, 2, 0, 1, 0, 0, 0.04%, 1, 0, 1, 5.17, 18446744073704001196, 18446744073704001196
1626312326, 3, 0, 1, 0, 0, 0.04%, 1, 0, 1, 5.27, 18446744073704001196, 18446744073704001196
1626312337, 4, 0, 1, 0, 0, 0.04%, 1, 0, 1, 5.28, 18446744073704001196, 18446744073704001196
1626312353, 5, 0, 1, 0, 0, 0.04%, 1, 0, 1, 4.98, 18446744073704001196, 18446744073704001196
1626312363, 5, 0, 2, 1, 0, 0.10%, 1, 0, 2, 4.27, 18446744073704001196, 18446744073704001196
1626312384, 5, 0, 2, 1, 0, 0.10%, 1, 0, 2, 2.49, 18446744073695268991, 18446744073704001196
