# unix_time, cycles_done, cur_path, paths_total, pending_total, pending_favs, map_size, unique_crashes, unique_hangs, max_depth, execs_per_sec, lowscore, highscore
1629664886, 0, 0, 1, 1, 1, 0.06%, 0, 0, 1, 5.03, 18446744073211114231, 18446744073211114231
1629664891, 0, 0, 1, 1, 1, 0.06%, 1, 0, 1, 4.98, 18446744073211114231, 18446744073211114231
1629664906, 1, 0, 2, 1, 0, 0.06%, 1, 0, 2, 4.89, 18446744073211114231, 18446744073211114231
1629664912, 1, 0, 3, 2, 0, 0.06%, 1, 0, 2, 4.83, 18446744073211114231, 18446744073243728544
1629664922, 1, 0, 4, 3, 0, 0.06%, 1, 0, 2, 4.99, 18446744073211114231, 18446744073243728544
1629664933, 1, 0, 5, 4, 0, 0.06%, 1, 0, 2, 4.76, 18446744073210624422, 18446744073243728544
1629665010, 1, 0, 6, 5, 0, 0.09%, 1, 0, 2, 4.12, 18446744073210624422, 18446744073243728544
1629665020, 1, 0, 6, 5, 0, 0.09%, 1, 0, 2, 4.29, 18446744073076548412, 18446744073243728544
1629665092, 1, 1, 7, 6, 3, 0.09%, 1, 0, 3, 4.34, 18446744073040904887, 18446744073243728544
1629665164, 1, 1, 8, 7, 3, 0.09%, 1, 0, 3, 5.09, 18446744073040904887, 18446744073273676036
1629665180, 1, 1, 9, 8, 3, 0.09%, 2, 0, 3, 5.45, 18446744073040904887, 18446744073273676036
1629665185, 1, 1, 9, 8, 3, 0.09%, 2, 0, 3, 5.28, 18446744073040904887, 18446744073302582314
1629665221, 1, 2, 9, 7, 2, 0.09%, 2, 0, 3, 4.99, 18446744073040904887, 18446744073302582314
1629665309, 1, 3, 9, 6, 1, 0.09%, 2, 0, 3, 4.85, 18446744073040904887, 18446744073302582314
1629665397, 1, 4, 9, 5, 0, 0.09%, 2, 0, 3, 4.89, 18446744073040904887, 18446744073302582314
1629665490, 1, 5, 9, 4, 0, 0.09%, 2, 0, 3, 4.05, 18446744073040904887, 18446744073302582314
1629665536, 1, 5, 10, 5, 0, 0.09%, 2, 0, 3, 4.17, 18446744073040904887, 18446744073302582314
1629665614, 1, 6, 10, 4, 0, 0.09%, 2, 0, 3, 3.73, 18446744073040904887, 18446744073302582314
1629665738, 1, 7, 10, 3, 0, 0.09%, 2, 0, 3, 4.35, 18446744073040904887, 18446744073302582314
1629665820, 1, 7, 10, 3, 0, 0.09%, 3, 0, 3, 4.77, 18446744073040904887, 18446744073302582314
1629665826, 1, 8, 10, 2, 0, 0.09%, 3, 0, 3, 4.86, 18446744073040904887, 18446744073302582314
1629665913, 1, 9, 10, 1, 0, 0.09%, 3, 0, 3, 4.97, 18446744073040904887, 18446744073302582314
1629665985, 1, 9, 11, 2, 0, 0.09%, 3, 0, 4, 5.05, 18446744073040904887, 18446744073302582314
1629666011, 2, 1, 11, 1, 0, 0.09%, 3, 0, 4, 4.63, 18446744073040904887, 18446744073302582314
1629666042, 2, 1, 12, 2, 0, 0.10%, 3, 0, 4, 4.05, 18446744073040904887, 18446744073574466636
1629666082, 2, 11, 12, 2, 1, 0.10%, 3, 0, 4, 4.37, 18446744073040904887, 18446744073574466636
1629666201, 2, 11, 12, 2, 1, 0.10%, 4, 0, 4, 3.38, 18446744073040904887, 18446744073574466636
1629666263, 3, 7, 12, 1, 0, 0.10%, 4, 0, 4, 3.67, 18446744073040904887, 18446744073574466636
1629666341, 3, 8, 12, 1, 0, 0.10%, 4, 0, 4, 3.99, 18446744073040904887, 18446744073574466636
1629666423, 3, 11, 12, 1, 0, 0.10%, 4, 0, 4, 3.75, 18446744073040904887, 18446744073574466636
