# unix_time, cycles_done, cur_path, paths_total, pending_total, pending_favs, map_size, unique_crashes, unique_hangs, max_depth, execs_per_sec, lowscore, highscore
1626324622, 0, 0, 1, 1, 1, 0.12%, 0, 0, 1, 5.55, 18446744073707569240, 18446744073707569240
1626324627, 0, 0, 5, 5, 1, 0.13%, 0, 0, 2, 5.82, 18446744073703442508, 18446744073708855820
1626324632, 0, 0, 7, 7, 1, 0.13%, 1, 0, 2, 5.43, 18446744073696064716, 18446744073708855820
1626324637, 0, 0, 8, 8, 1, 0.13%, 1, 0, 2, 5.15, 18446744073696064716, 18446744073708855820
1626324643, 0, 0, 10, 10, 1, 0.14%, 1, 0, 2, 5.65, 18446744073696064716, 18446744073708855820
1626324648, 0, 0, 11, 11, 1, 0.14%, 1, 0, 2, 5.39, 18446744073695459465, 18446744073708855820
1626324658, 0, 0, 12, 12, 1, 0.14%, 1, 0, 2, 4.88, 18446744073695459465, 18446744073708855820
1626324674, 0, 0, 13, 13, 1, 0.14%, 1, 0, 2, 5.52, 18446744073695459465, 18446744073708855820
1626324679, 0, 0, 13, 13, 1, 0.14%, 1, 0, 2, 5.32, 18446744073687878371, 18446744073708855820
1626324695, 0, 0, 14, 14, 1, 0.14%, 1, 0, 2, 4.92, 18446744073687878371, 18446744073708855820
1626324710, 0, 0, 15, 15, 1, 0.14%, 1, 0, 2, 5.45, 18446744073687878371, 18446744073708855820
1626324772, 0, 0, 16, 16, 1, 0.14%, 1, 0, 2, 5.31, 18446744073687878371, 18446744073708855820
1626324787, 0, 0, 18, 18, 1, 0.14%, 1, 0, 2, 5.29, 18446744073680657446, 18446744073708855820
1626324803, 0, 0, 19, 19, 1, 0.14%, 1, 0, 2, 5.03, 18446744073680657446, 18446744073708855820
1626324829, 0, 2, 19, 18, 3, 0.14%, 1, 0, 2, 5.06, 18446744073680657446, 18446744073708855820
1626324850, 0, 2, 20, 19, 3, 0.14%, 1, 0, 3, 5.15, 18446744073680657446, 18446744073708855820
1626324860, 0, 2, 21, 20, 3, 0.14%, 1, 0, 3, 5.29, 18446744073680657446, 18446744073708855820
1626324870, 0, 2, 22, 21, 3, 0.14%, 1, 0, 3, 5.73, 18446744073680657446, 18446744073708855820
1626324901, 0, 4, 22, 20, 2, 0.14%, 1, 0, 3, 5.54, 18446744073680657446, 18446744073708855820
1626324963, 0, 8, 22, 19, 1, 0.14%, 1, 0, 3, 5.41, 18446744073680657446, 18446744073708855820
1626325020, 0, 9, 22, 18, 0, 0.14%, 1, 0, 3, 5.02, 18446744073680657446, 18446744073708855820
1626325035, 0, 9, 23, 19, 0, 0.14%, 1, 0, 3, 6.04, 18446744073680657446, 18446744073708855820
1626325087, 1, 2, 23, 18, 0, 0.14%, 1, 0, 3, 5.33, 18446744073680657446, 18446744073708855820
1626325144, 1, 4, 23, 18, 0, 0.14%, 1, 0, 3, 5.36, 18446744073680657446, 18446744073708855820
1626325206, 1, 6, 23, 18, 0, 0.14%, 1, 0, 3, 5.16, 18446744073680657446, 18446744073708855820
1626325262, 1, 7, 23, 17, 0, 0.14%, 1, 0, 3, 5.05, 18446744073680657446, 18446744073708855820
1626325324, 1, 8, 23, 16, 0, 0.14%, 1, 0, 3, 5.40, 18446744073680657446, 18446744073708855820
1626325381, 1, 12, 23, 16, 0, 0.14%, 1, 0, 3, 5.51, 18446744073680657446, 18446744073708855820
1626325443, 1, 13, 23, 15, 0, 0.14%, 1, 0, 3, 5.22, 18446744073680657446, 18446744073708855820
1626325469, 1, 13, 24, 16, 0, 0.14%, 1, 0, 3, 5.42, 18446744073582478362, 18446744073708855820
1626325505, 1, 15, 24, 15, 0, 0.14%, 1, 0, 3, 5.48, 18446744073582478362, 18446744073708855820
1626325567, 1, 18, 24, 14, 0, 0.14%, 1, 0, 3, 5.32, 18446744073582478362, 18446744073708855820
1626325624, 2, 2, 24, 13, 0, 0.14%, 1, 0, 3, 5.20, 18446744073582478362, 18446744073708855820
1626325629, 2, 2, 25, 14, 0, 0.14%, 1, 0, 3, 5.03, 18446744073542401666, 18446744073708855820
1626325660, 2, 2, 26, 15, 0, 0.14%, 1, 0, 3, 5.17, 18446744073344023066, 18446744073708855820
1626325706, 2, 4, 26, 15, 0, 0.14%, 1, 0, 3, 5.32, 18446744073344023066, 18446744073708855820
1626325764, 2, 8, 26, 15, 0, 0.14%, 1, 0, 3, 5.02, 18446744073344023066, 18446744073708855820
1626325826, 2, 17, 26, 15, 0, 0.14%, 1, 0, 3, 5.21, 18446744073344023066, 18446744073708855820
1626325882, 2, 24, 26, 14, 0, 0.14%, 1, 0, 3, 5.61, 18446744073344023066, 18446744073708855820
1626325970, 3, 1, 26, 13, 0, 0.14%, 1, 0, 3, 5.19, 18446744073344023066, 18446744073708855820
1626326027, 3, 2, 26, 12, 0, 0.14%, 1, 0, 3, 5.45, 18446744073344023066, 18446744073708855820
1626326088, 3, 4, 26, 12, 0, 0.14%, 1, 0, 3, 5.33, 18446744073344023066, 18446744073708855820
1626326155, 3, 8, 26, 12, 0, 0.14%, 1, 0, 3, 4.99, 18446744073344023066, 18446744073708855820
1626326217, 3, 13, 26, 12, 0, 0.14%, 1, 0, 3, 5.24, 18446744073344023066, 18446744073708855820
1626326279, 3, 14, 26, 12, 0, 0.14%, 1, 0, 3, 4.98, 18446744073344023066, 18446744073708855820
1626326337, 4, 2, 26, 11, 0, 0.14%, 1, 0, 3, 5.51, 18446744073344023066, 18446744073708855820
1626326398, 4, 3, 26, 11, 0, 0.14%, 1, 0, 3, 5.24, 18446744073344023066, 18446744073708855820
1626326460, 4, 4, 26, 10, 0, 0.14%, 1, 0, 3, 5.03, 18446744073344023066, 18446744073708855820
1626326517, 4, 7, 26, 10, 0, 0.14%, 1, 0, 3, 5.59, 18446744073344023066, 18446744073708855820
1626326579, 4, 8, 26, 10, 0, 0.14%, 1, 0, 3, 4.95, 18446744073344023066, 18446744073708855820
1626326646, 4, 19, 26, 10, 0, 0.14%, 1, 0, 3, 4.28, 18446744073344023066, 18446744073708855820
1626326709, 4, 20, 26, 9, 0, 0.14%, 1, 0, 3, 5.32, 18446744073344023066, 18446744073708855820
1626326770, 5, 2, 26, 8, 0, 0.14%, 1, 0, 3, 5.23, 18446744073344023066, 18446744073708855820
1626326833, 5, 4, 26, 8, 0, 0.14%, 1, 0, 3, 5.00, 18446744073344023066, 18446744073708855820
1626326895, 5, 8, 26, 8, 0, 0.14%, 1, 0, 3, 5.07, 18446744073344023066, 18446744073708855820
1626326925, 5, 8, 27, 9, 0, 0.14%, 1, 0, 3, 5.07, 18446744073344023066, 18446744073708855820
1626326962, 5, 11, 27, 9, 0, 0.14%, 1, 0, 3, 5.06, 18446744073344023066, 18446744073708855820
1626327029, 5, 18, 27, 8, 0, 0.14%, 1, 0, 3, 4.71, 18446744073344023066, 18446744073708855820
1626327091, 5, 23, 27, 8, 0, 0.14%, 1, 0, 3, 5.08, 18446744073344023066, 18446744073708855820
1626327179, 5, 26, 27, 7, 0, 0.14%, 1, 0, 3, 5.00, 18446744073344023066, 18446744073708855820
1626327361, 6, 2, 27, 6, 0, 0.14%, 1, 0, 3, 5.79, 18446744073344023066, 18446744073708855820
