# unix_time, cycles_done, cur_path, paths_total, pending_total, pending_favs, map_size, unique_crashes, unique_hangs, max_depth, execs_per_sec, lowscore, highscore, regression, patch_dist
1629679212, 0, 0, 1, 1, 1, 0.06%, 0, 0, 1, 3.40, 48, 48, 2, 0
1629679217, 0, 0, 2, 2, 1, 0.06%, 0, 0, 2, 4.17, 48, 48, 0, 0
1629679222, 0, 0, 3, 3, 1, 0.06%, 0, 0, 2, 4.14, 19, 48, 0, 0
1629679227, 0, 0, 3, 3, 1, 0.06%, 1, 0, 2, 4.00, 19, 48, 0, 0
1629679295, 0, 0, 4, 4, 1, 0.08%, 1, 0, 2, 3.89, 19, 139, 0, 0
1629679357, 0, 0, 5, 5, 1, 0.08%, 1, 0, 2, 3.60, 19, 139, 0, 0
1629679435, 0, 0, 6, 6, 1, 0.08%, 1, 0, 2, 3.77, 19, 142, 0, 0
1629679445, 0, 3, 6, 5, 3, 0.08%, 1, 0, 2, 4.17, 19, 142, 0, 0
1629679460, 0, 3, 7, 6, 3, 0.08%, 1, 0, 3, 3.84, 19, 142, 0, 0
1629679466, 0, 3, 7, 6, 3, 0.08%, 1, 0, 3, 3.95, 19, 184, 0, 0
1629679543, 0, 4, 7, 5, 2, 0.08%, 1, 0, 3, 3.97, 19, 184, 0, 0
1629679548, 0, 4, 8, 6, 2, 0.08%, 1, 0, 3, 3.68, 19, 184, 0, 0
1629679558, 0, 4, 9, 7, 2, 0.08%, 1, 0, 3, 3.67, 19, 184, 0, 0
1629679563, 0, 4, 9, 7, 2, 0.08%, 1, 0, 3, 3.55, 19, 235, 0, 0
1629679589, 0, 4, 10, 8, 2, 0.08%, 1, 0, 3, 3.70, 19, 235, 0, 0
1629679620, 0, 4, 11, 9, 2, 0.08%, 1, 0, 3, 3.80, 19, 235, 0, 0
1629679672, 0, 4, 12, 10, 2, 0.08%, 1, 0, 3, 3.61, 19, 235, 0, 0
1629679769, 0, 5, 12, 9, 1, 0.08%, 1, 0, 3, 3.97, 19, 235, 0, 0
1629679837, 1, 1, 12, 8, 0, 0.08%, 1, 0, 3, 4.22, 19, 235, 0, 0
1629679899, 1, 2, 12, 7, 0, 0.08%, 1, 0, 3, 4.37, 19, 235, 0, 0
1629679976, 1, 3, 12, 6, 0, 0.08%, 1, 0, 3, 4.13, 19, 235, 0, 0
1629680022, 1, 3, 13, 7, 0, 0.08%, 1, 0, 3, 3.78, 19, 289, 0, 0
1629680043, 1, 4, 13, 7, 0, 0.08%, 1, 0, 3, 4.05, 19, 289, 0, 0
1629680120, 1, 5, 13, 7, 0, 0.08%, 1, 0, 3, 4.07, 19, 289, 0, 0
1629680192, 2, 0, 13, 7, 0, 0.08%, 1, 0, 3, 3.89, 19, 289, 0, 0
1629680223, 2, 0, 14, 8, 0, 0.08%, 1, 0, 3, 3.81, 19, 307, 0, 0
1629680280, 2, 3, 14, 8, 0, 0.08%, 1, 0, 3, 3.88, 19, 307, 0, 0
1629680356, 2, 4, 14, 8, 0, 0.08%, 1, 0, 3, 3.86, 19, 307, 0, 0
1629680438, 2, 5, 14, 8, 0, 0.08%, 1, 0, 3, 3.96, 19, 307, 0, 0
1629680506, 2, 8, 14, 8, 0, 0.08%, 1, 0, 3, 3.79, 19, 307, 0, 0
1629680588, 2, 12, 14, 7, 0, 0.08%, 1, 0, 3, 3.91, 19, 307, 0, 0
1629680680, 2, 12, 15, 8, 0, 0.08%, 2, 0, 4, 3.58, 19, 307, 0, 0
1629680711, 2, 12, 16, 9, 0, 0.08%, 2, 0, 4, 4.20, 19, 319, 0, 0
1629680721, 3, 3, 16, 8, 0, 0.08%, 2, 0, 4, 4.44, 19, 319, 0, 0
1629680783, 3, 4, 16, 8, 0, 0.08%, 2, 0, 4, 4.31, 19, 319, 0, 0
1629680855, 3, 5, 16, 8, 0, 0.08%, 2, 0, 4, 4.93, 19, 319, 0, 0
1629680921, 3, 7, 16, 8, 0, 0.08%, 2, 0, 4, 4.99, 19, 319, 0, 0
1629680988, 3, 9, 16, 7, 0, 0.08%, 2, 0, 4, 4.66, 19, 319, 0, 0
