# unix_time, cycles_done, cur_path, paths_total, pending_total, pending_favs, map_size, unique_crashes, unique_hangs, max_depth, execs_per_sec, lowscore, highscore, regression, patch_dist
1629847132, 0, 0, 1, 1, 1, 0.04%, 0, 0, 1, 2.57, 19, 19, 2, 0
1629847138, 0, 0, 1, 1, 1, 0.04%, 1, 0, 1, 3.24, 19, 19, 0, 0
1629847143, 0, 0, 2, 2, 1, 0.08%, 1, 0, 2, 3.12, 19, 19, 0, 0
1629847180, 0, 0, 2, 2, 1, 0.08%, 1, 0, 2, 6.89, 19, 62, 0, 0
1629847286, 0, 1, 3, 2, 1, 0.11%, 1, 0, 3, 3.47, 19, 62, 0, 0
1629847296, 0, 1, 3, 2, 1, 0.11%, 1, 0, 3, 3.28, 19, 63, 0, 0
1629847313, 0, 1, 4, 3, 1, 0.13%, 1, 0, 3, 1.35, 19, 63, 0, 0
1629847506, 0, 1, 5, 3, 0, 0.13%, 1, 0, 3, 3.39, 19, 63, 0, 0
1629847511, 0, 1, 6, 4, 0, 0.16%, 1, 0, 3, 2.73, 19, 63, 0, 0
1629847517, 0, 1, 7, 5, 0, 0.18%, 1, 0, 3, 2.32, 19, 63, 0, 0
1629847522, 0, 2, 7, 5, 4, 0.18%, 1, 0, 3, 3.10, 19, 63, 0, 0
1629847599, 0, 3, 7, 4, 3, 0.18%, 1, 0, 3, 4.63, 19, 63, 0, 0
1629847652, 0, 5, 7, 3, 2, 0.18%, 1, 0, 3, 4.38, 19, 63, 0, 0
1629847688, 0, 6, 7, 2, 1, 0.18%, 1, 0, 3, 4.61, 19, 63, 0, 0
1629847735, 1, 0, 7, 1, 0, 0.18%, 1, 0, 3, 4.39, 19, 63, 0, 0
1629847786, 1, 1, 7, 1, 0, 0.18%, 1, 0, 3, 5.07, 19, 63, 0, 0
1629847833, 1, 2, 7, 1, 0, 0.18%, 1, 0, 3, 4.32, 19, 63, 0, 0
1629847911, 1, 3, 7, 1, 0, 0.18%, 1, 0, 3, 4.50, 19, 63, 0, 0
1629847962, 1, 4, 7, 1, 0, 0.18%, 1, 0, 3, 4.38, 19, 63, 0, 0
1629848025, 1, 5, 7, 0, 0, 0.18%, 1, 0, 3, 5.27, 19, 63, 0, 0
1629848030, 1, 5, 8, 1, 0, 0.18%, 1, 0, 3, 3.92, 19, 63, 0, 0
1629848077, 1, 5, 9, 2, 0, 0.18%, 1, 0, 3, 3.30, 19, 63, 0, 0
1629848093, 1, 8, 9, 2, 1, 0.18%, 1, 0, 3, 4.28, 19, 63, 0, 0
1629848214, 2, 0, 9, 1, 0, 0.18%, 1, 0, 3, 4.91, 19, 63, 0, 0
1629848265, 2, 1, 9, 1, 0, 0.18%, 1, 0, 3, 4.72, 19, 63, 0, 0
1629848333, 2, 2, 9, 1, 0, 0.18%, 1, 0, 3, 3.78, 19, 63, 0, 0
1629848415, 2, 3, 9, 1, 0, 0.18%, 1, 0, 3, 4.85, 19, 63, 0, 0
1629848468, 2, 4, 9, 1, 0, 0.18%, 1, 0, 3, 4.44, 19, 63, 0, 0
1629848535, 2, 5, 9, 1, 0, 0.18%, 1, 0, 3, 4.42, 19, 63, 0, 0
1629848592, 2, 6, 9, 1, 0, 0.18%, 1, 0, 3, 4.63, 19, 63, 0, 0
1629848645, 2, 7, 9, 1, 0, 0.18%, 1, 0, 3, 3.99, 19, 63, 0, 0
1629848739, 2, 8, 9, 0, 0, 0.18%, 1, 0, 3, 4.51, 19, 63, 0, 0
1629848822, 3, 0, 9, 0, 0, 0.18%, 1, 0, 3, 4.01, 19, 63, 0, 0
1629848879, 3, 1, 9, 0, 0, 0.18%, 1, 0, 3, 4.20, 19, 63, 0, 0
1629848947, 3, 2, 9, 0, 0, 0.18%, 1, 0, 3, 4.78, 19, 63, 0, 0
1629849036, 3, 3, 9, 0, 0, 0.18%, 1, 0, 3, 4.14, 19, 63, 0, 0
1629849082, 3, 3, 10, 1, 0, 0.18%, 1, 0, 4, 3.16, 19, 63, 0, 0
1629849093, 3, 4, 10, 1, 0, 0.18%, 1, 0, 4, 4.12, 19, 63, 0, 0
1629849165, 3, 5, 10, 1, 0, 0.18%, 1, 0, 4, 4.79, 19, 63, 0, 0
1629849222, 3, 6, 10, 1, 0, 0.18%, 1, 0, 4, 4.89, 19, 63, 0, 0
1629849274, 3, 7, 10, 1, 0, 0.18%, 1, 0, 4, 4.08, 19, 63, 0, 0
1629849347, 3, 8, 10, 1, 0, 0.18%, 1, 0, 4, 4.93, 19, 63, 0, 0
1629849426, 3, 9, 10, 1, 0, 0.18%, 1, 0, 4, 4.68, 19, 63, 0, 0
1629849640, 4, 0, 10, 0, 0, 0.18%, 1, 0, 4, 4.20, 19, 63, 0, 0
1629849697, 4, 1, 10, 0, 0, 0.18%, 1, 0, 4, 4.72, 19, 63, 0, 0
1629849754, 4, 2, 10, 0, 0, 0.18%, 1, 0, 4, 4.22, 19, 63, 0, 0
1629849832, 4, 3, 10, 0, 0, 0.18%, 1, 0, 4, 4.10, 19, 63, 0, 0
1629849890, 4, 4, 10, 0, 0, 0.18%, 1, 0, 4, 4.47, 19, 63, 0, 0
1629849967, 4, 5, 10, 0, 0, 0.18%, 1, 0, 4, 4.47, 19, 63, 0, 0
1629850025, 4, 6, 10, 0, 0, 0.18%, 1, 0, 4, 4.66, 19, 63, 0, 0
1629850087, 4, 7, 10, 0, 0, 0.18%, 1, 0, 4, 4.68, 19, 63, 0, 0
1629850169, 4, 8, 10, 0, 0, 0.18%, 1, 0, 4, 5.22, 19, 63, 0, 0
1629850248, 4, 9, 10, 0, 0, 0.18%, 1, 0, 4, 4.35, 19, 63, 0, 0
1629850473, 5, 0, 10, 0, 0, 0.18%, 1, 0, 4, 4.41, 19, 63, 0, 0
1629850530, 5, 1, 10, 0, 0, 0.18%, 1, 0, 4, 4.13, 19, 63, 0, 0
1629850614, 5, 2, 10, 0, 0, 0.18%, 1, 0, 4, 4.20, 19, 63, 0, 0
1629850696, 5, 3, 10, 0, 0, 0.18%, 1, 0, 4, 4.33, 19, 63, 0, 0
1629850748, 5, 4, 10, 0, 0, 0.18%, 1, 0, 4, 4.17, 19, 63, 0, 0
1629850821, 5, 5, 10, 0, 0, 0.18%, 1, 0, 4, 4.72, 19, 63, 0, 0
1629850868, 5, 6, 10, 0, 0, 0.18%, 1, 0, 4, 4.57, 19, 63, 0, 0
1629850915, 5, 7, 10, 0, 0, 0.18%, 1, 0, 4, 4.49, 19, 63, 0, 0
1629850994, 5, 8, 10, 0, 0, 0.18%, 1, 0, 4, 4.64, 19, 63, 0, 0
1629851072, 5, 9, 10, 0, 0, 0.18%, 1, 0, 4, 4.61, 19, 63, 0, 0
1629851273, 6, 0, 10, 0, 0, 0.18%, 1, 0, 4, 4.62, 19, 63, 0, 0
1629851330, 6, 1, 10, 0, 0, 0.18%, 1, 0, 4, 4.67, 19, 63, 0, 0
1629851398, 6, 2, 10, 0, 0, 0.18%, 1, 0, 4, 3.38, 19, 63, 0, 0
1629851481, 6, 3, 10, 0, 0, 0.18%, 1, 0, 4, 4.45, 19, 63, 0, 0
1629851538, 6, 4, 10, 0, 0, 0.18%, 1, 0, 4, 4.60, 19, 63, 0, 0
1629851613, 6, 5, 10, 0, 0, 0.18%, 1, 0, 4, 4.13, 19, 63, 0, 0
1629851670, 6, 6, 10, 0, 0, 0.18%, 1, 0, 4, 4.05, 19, 63, 0, 0
1629851727, 6, 7, 10, 0, 0, 0.18%, 1, 0, 4, 3.86, 19, 63, 0, 0
1629851805, 6, 8, 10, 0, 0, 0.18%, 1, 0, 4, 4.23, 19, 63, 0, 0
1629851883, 6, 9, 10, 0, 0, 0.18%, 1, 0, 4, 4.59, 19, 63, 0, 0
1629851999, 7, 0, 10, 0, 0, 0.18%, 1, 0, 4, 3.73, 19, 63, 0, 0
1629852061, 7, 1, 10, 0, 0, 0.18%, 1, 0, 4, 4.37, 19, 63, 0, 0
1629852128, 7, 2, 10, 0, 0, 0.18%, 1, 0, 4, 3.80, 19, 63, 0, 0
1629852207, 7, 3, 10, 0, 0, 0.18%, 1, 0, 4, 3.93, 19, 63, 0, 0
1629852259, 7, 4, 10, 0, 0, 0.18%, 1, 0, 4, 3.91, 19, 63, 0, 0
1629852342, 7, 5, 10, 0, 0, 0.18%, 1, 0, 4, 4.18, 19, 63, 0, 0
1629852389, 7, 6, 10, 0, 0, 0.18%, 1, 0, 4, 4.39, 19, 63, 0, 0
1629852447, 7, 7, 10, 0, 0, 0.18%, 1, 0, 4, 3.68, 19, 63, 0, 0
1629852516, 7, 8, 10, 0, 0, 0.18%, 1, 0, 4, 4.53, 19, 63, 0, 0
1629852593, 7, 9, 10, 0, 0, 0.18%, 1, 0, 4, 4.52, 19, 63, 0, 0
1629852702, 8, 0, 10, 0, 0, 0.18%, 1, 0, 4, 4.45, 19, 63, 0, 0
1629852760, 8, 1, 10, 0, 0, 0.18%, 1, 0, 4, 4.50, 19, 63, 0, 0
1629852822, 8, 2, 10, 0, 0, 0.18%, 1, 0, 4, 4.15, 19, 63, 0, 0
1629852911, 8, 3, 10, 0, 0, 0.18%, 1, 0, 4, 4.17, 19, 63, 0, 0
1629852963, 8, 4, 10, 0, 0, 0.18%, 1, 0, 4, 4.49, 19, 63, 0, 0
1629853032, 8, 5, 10, 0, 0, 0.18%, 1, 0, 4, 4.60, 19, 63, 0, 0
1629853083, 8, 6, 10, 0, 0, 0.18%, 1, 0, 4, 4.34, 19, 63, 0, 0
1629853135, 8, 7, 10, 0, 0, 0.18%, 1, 0, 4, 4.14, 19, 63, 0, 0
1629853219, 8, 8, 10, 0, 0, 0.18%, 1, 0, 4, 4.32, 19, 63, 0, 0
1629853298, 8, 9, 10, 0, 0, 0.18%, 1, 0, 4, 4.37, 19, 63, 0, 0
1629853407, 9, 0, 10, 0, 0, 0.18%, 1, 0, 4, 4.70, 19, 63, 0, 0
1629853465, 9, 1, 10, 0, 0, 0.18%, 1, 0, 4, 4.49, 19, 63, 0, 0
1629853544, 9, 2, 10, 0, 0, 0.18%, 1, 0, 4, 3.68, 19, 63, 0, 0
1629853628, 9, 3, 10, 0, 0, 0.18%, 1, 0, 4, 4.30, 19, 63, 0, 0
1629853706, 9, 4, 10, 0, 0, 0.18%, 1, 0, 4, 4.40, 19, 63, 0, 0
1629853779, 9, 5, 10, 0, 0, 0.18%, 1, 0, 4, 4.39, 19, 63, 0, 0
1629853821, 9, 6, 10, 0, 0, 0.18%, 1, 0, 4, 4.48, 19, 63, 0, 0
1629853888, 9, 7, 10, 0, 0, 0.18%, 1, 0, 4, 3.93, 19, 63, 0, 0
1629853961, 9, 8, 10, 0, 0, 0.18%, 1, 0, 4, 4.74, 19, 63, 0, 0
1629854039, 9, 9, 10, 0, 0, 0.18%, 1, 0, 4, 4.30, 19, 63, 0, 0
1629854150, 10, 0, 10, 0, 0, 0.18%, 1, 0, 4, 4.48, 19, 63, 0, 0
1629854211, 10, 1, 10, 0, 0, 0.18%, 1, 0, 4, 4.49, 19, 63, 0, 0
1629854288, 10, 2, 10, 0, 0, 0.18%, 1, 0, 4, 3.27, 19, 63, 0, 0
1629854383, 10, 3, 10, 0, 0, 0.18%, 1, 0, 4, 4.12, 19, 63, 0, 0
1629854439, 10, 4, 10, 0, 0, 0.18%, 1, 0, 4, 4.12, 19, 63, 0, 0
1629854507, 10, 5, 10, 0, 0, 0.18%, 1, 0, 4, 4.22, 19, 63, 0, 0
1629854559, 10, 6, 10, 0, 0, 0.18%, 1, 0, 4, 4.42, 19, 63, 0, 0
1629854611, 10, 7, 10, 0, 0, 0.18%, 1, 0, 4, 3.76, 19, 63, 0, 0
1629854689, 10, 8, 10, 0, 0, 0.18%, 1, 0, 4, 4.21, 19, 63, 0, 0
1629854772, 10, 9, 10, 0, 0, 0.18%, 1, 0, 4, 4.41, 19, 63, 0, 0
1629854885, 11, 0, 10, 0, 0, 0.18%, 1, 0, 4, 4.48, 19, 63, 0, 0
1629854947, 11, 1, 10, 0, 0, 0.18%, 1, 0, 4, 4.01, 19, 63, 0, 0
1629855015, 11, 2, 10, 0, 0, 0.18%, 1, 0, 4, 4.11, 19, 63, 0, 0
1629855105, 11, 3, 10, 0, 0, 0.18%, 1, 0, 4, 4.04, 19, 63, 0, 0
1629855179, 11, 4, 10, 0, 0, 0.18%, 1, 0, 4, 3.64, 19, 63, 0, 0
1629855251, 11, 5, 10, 0, 0, 0.18%, 1, 0, 4, 3.97, 19, 63, 0, 0
1629855297, 11, 6, 10, 0, 0, 0.18%, 1, 0, 4, 4.33, 19, 63, 0, 0
1629855360, 11, 7, 10, 0, 0, 0.18%, 1, 0, 4, 3.78, 19, 63, 0, 0
1629855437, 11, 8, 10, 0, 0, 0.18%, 1, 0, 4, 4.28, 19, 63, 0, 0
1629855519, 11, 9, 10, 0, 0, 0.18%, 1, 0, 4, 4.59, 19, 63, 0, 0
1629855643, 12, 0, 10, 0, 0, 0.18%, 1, 0, 4, 4.45, 19, 63, 0, 0
1629855699, 12, 1, 10, 0, 0, 0.18%, 1, 0, 4, 4.34, 19, 63, 0, 0
1629855773, 12, 2, 10, 0, 0, 0.18%, 1, 0, 4, 4.30, 19, 63, 0, 0
1629855858, 12, 3, 10, 0, 0, 0.18%, 1, 0, 4, 4.21, 19, 63, 0, 0
1629855926, 12, 4, 10, 0, 0, 0.18%, 1, 0, 4, 4.11, 19, 63, 0, 0
1629855999, 12, 5, 10, 0, 0, 0.18%, 1, 0, 4, 4.33, 19, 63, 0, 0
1629856045, 12, 6, 10, 0, 0, 0.18%, 1, 0, 4, 3.95, 19, 63, 0, 0
1629856096, 12, 7, 10, 0, 0, 0.18%, 1, 0, 4, 4.06, 19, 63, 0, 0
1629856174, 12, 8, 10, 0, 0, 0.18%, 1, 0, 4, 4.58, 19, 63, 0, 0
1629856253, 12, 9, 10, 0, 0, 0.18%, 1, 0, 4, 4.58, 19, 63, 0, 0
1629856377, 13, 0, 10, 0, 0, 0.18%, 1, 0, 4, 4.34, 19, 63, 0, 0
1629856434, 13, 1, 10, 0, 0, 0.18%, 1, 0, 4, 4.37, 19, 63, 0, 0
1629856512, 13, 2, 10, 0, 0, 0.18%, 1, 0, 4, 3.77, 19, 63, 0, 0
1629856605, 13, 3, 10, 0, 0, 0.18%, 1, 0, 4, 4.07, 19, 63, 0, 0
1629856678, 13, 4, 10, 0, 0, 0.18%, 1, 0, 4, 4.27, 19, 63, 0, 0
1629856751, 13, 5, 10, 0, 0, 0.18%, 1, 0, 4, 4.30, 19, 63, 0, 0
1629856792, 13, 6, 10, 0, 0, 0.18%, 1, 0, 4, 4.09, 19, 63, 0, 0
1629856854, 13, 7, 10, 0, 0, 0.18%, 1, 0, 4, 3.98, 19, 63, 0, 0
1629856933, 13, 8, 10, 0, 0, 0.18%, 1, 0, 4, 4.06, 19, 63, 0, 0
1629857016, 13, 9, 10, 0, 0, 0.18%, 1, 0, 4, 4.16, 19, 63, 0, 0
1629857135, 14, 0, 10, 0, 0, 0.18%, 1, 0, 4, 4.12, 19, 63, 0, 0
1629857197, 14, 1, 10, 0, 0, 0.18%, 1, 0, 4, 4.18, 19, 63, 0, 0
1629857265, 14, 2, 10, 0, 0, 0.18%, 1, 0, 4, 3.58, 19, 63, 0, 0
1629857353, 14, 3, 10, 0, 0, 0.18%, 1, 0, 4, 4.27, 19, 63, 0, 0
1629857421, 14, 4, 10, 0, 0, 0.18%, 1, 0, 4, 3.85, 19, 63, 0, 0
1629857494, 14, 5, 10, 0, 0, 0.18%, 1, 0, 4, 4.21, 19, 63, 0, 0
1629857555, 14, 6, 10, 0, 0, 0.18%, 1, 0, 4, 4.16, 19, 63, 0, 0
1629857612, 14, 7, 10, 0, 0, 0.18%, 1, 0, 4, 4.06, 19, 63, 0, 0
1629857690, 14, 8, 10, 0, 0, 0.18%, 1, 0, 4, 4.16, 19, 63, 0, 0
1629857772, 14, 9, 10, 0, 0, 0.18%, 1, 0, 4, 4.21, 19, 63, 0, 0
1629857886, 15, 0, 10, 0, 0, 0.18%, 1, 0, 4, 4.49, 19, 63, 0, 0
1629857948, 15, 1, 10, 0, 0, 0.18%, 1, 0, 4, 4.34, 19, 63, 0, 0
1629858015, 15, 2, 10, 0, 0, 0.18%, 1, 0, 4, 4.08, 19, 63, 0, 0
1629858104, 15, 3, 10, 0, 0, 0.18%, 1, 0, 4, 3.69, 19, 63, 0, 0
1629858171, 15, 4, 10, 0, 0, 0.18%, 1, 0, 4, 4.34, 19, 63, 0, 0
1629858253, 15, 5, 10, 0, 0, 0.18%, 1, 0, 4, 4.56, 19, 63, 0, 0
1629858305, 15, 6, 10, 0, 0, 0.18%, 1, 0, 4, 4.58, 19, 63, 0, 0
1629858362, 15, 7, 10, 0, 0, 0.18%, 1, 0, 4, 3.89, 19, 63, 0, 0
1629858440, 15, 8, 10, 0, 0, 0.18%, 1, 0, 4, 4.20, 19, 63, 0, 0
1629858526, 15, 9, 10, 0, 0, 0.18%, 1, 0, 4, 4.33, 19, 63, 0, 0
1629858645, 16, 0, 10, 0, 0, 0.18%, 1, 0, 4, 4.10, 19, 63, 0, 0
1629858706, 16, 1, 10, 0, 0, 0.18%, 1, 0, 4, 4.29, 19, 63, 0, 0
1629858784, 16, 2, 10, 0, 0, 0.18%, 1, 0, 4, 3.85, 19, 63, 0, 0
1629858872, 16, 3, 10, 0, 0, 0.18%, 1, 0, 4, 3.94, 19, 63, 0, 0
1629858924, 16, 4, 10, 0, 0, 0.18%, 1, 0, 4, 4.28, 19, 63, 0, 0
1629859001, 16, 5, 10, 0, 0, 0.18%, 1, 0, 4, 4.09, 19, 63, 0, 0
1629859047, 16, 6, 10, 0, 0, 0.18%, 1, 0, 4, 4.28, 19, 63, 0, 0
1629859125, 16, 7, 10, 0, 0, 0.18%, 1, 0, 4, 3.69, 19, 63, 0, 0
1629859203, 16, 8, 10, 0, 0, 0.18%, 1, 0, 4, 3.91, 19, 63, 0, 0
1629859285, 16, 9, 10, 0, 0, 0.18%, 1, 0, 4, 4.53, 19, 63, 0, 0
1629859403, 17, 0, 10, 0, 0, 0.18%, 1, 0, 4, 4.35, 19, 63, 0, 0
1629859465, 17, 1, 10, 0, 0, 0.18%, 1, 0, 4, 4.17, 19, 63, 0, 0
1629859553, 17, 2, 10, 0, 0, 0.18%, 1, 0, 4, 3.63, 19, 63, 0, 0
1629859642, 17, 3, 10, 0, 0, 0.18%, 1, 0, 4, 3.64, 19, 63, 0, 0
1629859714, 17, 4, 10, 0, 0, 0.18%, 1, 0, 4, 4.07, 19, 63, 0, 0
1629859791, 17, 5, 10, 0, 0, 0.18%, 1, 0, 4, 3.98, 19, 63, 0, 0
1629859838, 17, 6, 10, 0, 0, 0.18%, 1, 0, 4, 4.13, 19, 63, 0, 0
1629859906, 17, 7, 10, 0, 0, 0.18%, 1, 0, 4, 4.08, 19, 63, 0, 0
1629859994, 17, 8, 10, 0, 0, 0.18%, 1, 0, 4, 3.79, 19, 63, 0, 0
1629860082, 17, 9, 10, 0, 0, 0.18%, 1, 0, 4, 4.02, 19, 63, 0, 0
1629860206, 18, 0, 10, 0, 0, 0.18%, 1, 0, 4, 4.08, 19, 63, 0, 0
1629860273, 18, 1, 10, 0, 0, 0.18%, 1, 0, 4, 4.20, 19, 63, 0, 0
1629860350, 18, 2, 10, 0, 0, 0.18%, 1, 0, 4, 3.47, 19, 63, 0, 0
1629860448, 18, 3, 10, 0, 0, 0.18%, 1, 0, 4, 3.89, 19, 63, 0, 0
