# unix_time, cycles_done, cur_path, paths_total, pending_total, pending_favs, map_size, unique_crashes, unique_hangs, max_depth, execs_per_sec, lowscore, highscore
1626313992, 0, 0, 1, 1, 1, 0.06%, 0, 0, 1, 5.31, 18446744073564471775, 18446744073564471775
1626313997, 0, 0, 3, 3, 1, 0.06%, 1, 0, 2, 5.29, 18446744073564471775, 18446744073576238441
1626314002, 0, 0, 4, 4, 1, 0.06%, 1, 0, 2, 5.58, 18446744073564471775, 18446744073623916307
1626314008, 0, 0, 5, 5, 1, 0.08%, 1, 0, 2, 5.37, 18446744073564471775, 18446744073623916307
1626314018, 0, 0, 5, 5, 1, 0.08%, 1, 0, 2, 4.36, 18446744073549782880, 18446744073623916307
1626314162, 0, 0, 6, 6, 1, 0.08%, 1, 0, 2, 4.63, 18446744073549782880, 18446744073623916307
1626314188, 0, 1, 6, 5, 3, 0.08%, 1, 0, 2, 4.45, 18446744073549782880, 18446744073623916307
1626314245, 0, 3, 6, 4, 2, 0.08%, 1, 0, 2, 5.35, 18446744073549782880, 18446744073623916307
1626314255, 0, 3, 7, 5, 2, 0.08%, 1, 0, 3, 5.32, 18446744073549782880, 18446744073623916307
1626314322, 0, 5, 7, 4, 1, 0.08%, 1, 0, 3, 5.34, 18446744073549782880, 18446744073623916307
1626314354, 0, 5, 8, 5, 1, 0.10%, 1, 0, 3, 4.59, 18446744073549782880, 18446744073623916307
1626314389, 0, 5, 9, 6, 1, 0.10%, 1, 0, 3, 5.30, 18446744073549782880, 18446744073623916307
1626314399, 0, 6, 10, 6, 2, 0.10%, 1, 0, 4, 5.22, 18446744073549782880, 18446744073623916307
1626314472, 0, 7, 10, 5, 1, 0.10%, 1, 0, 4, 5.55, 18446744073549782880, 18446744073623916307
1626314549, 0, 8, 11, 5, 0, 0.10%, 1, 0, 4, 4.59, 18446744073549782880, 18446744073623916307
1626314554, 0, 8, 11, 5, 0, 0.10%, 1, 0, 4, 5.33, 18446744073532257796, 18446744073623916307
1626314612, 0, 8, 12, 6, 0, 0.11%, 1, 0, 4, 4.53, 18446744073532257796, 18446744073623916307
1626314638, 0, 9, 12, 5, 1, 0.11%, 1, 0, 4, 5.53, 18446744073532257796, 18446744073623916307
1626314679, 0, 9, 13, 6, 1, 0.11%, 1, 0, 5, 5.43, 18446744073532257796, 18446744073623916307
1626314725, 1, 2, 13, 5, 0, 0.11%, 1, 0, 5, 4.93, 18446744073532257796, 18446744073623916307
1626314788, 1, 3, 13, 4, 0, 0.11%, 1, 0, 5, 4.80, 18446744073532257796, 18446744073623916307
1626314850, 1, 7, 13, 4, 0, 0.11%, 1, 0, 5, 4.81, 18446744073532257796, 18446744073623916307
