# unix_time, cycles_done, cur_path, paths_total, pending_total, pending_favs, map_size, unique_crashes, unique_hangs, max_depth, execs_per_sec, lowscore, highscore, regression, patch_dist
1629507827, 0, 0, 1, 1, 1, 0.06%, 0, 0, 1, 6.01, 18446744073709551615, 0, 2, 3
1629507832, 0, 0, 2, 2, 1, 0.06%, 1, 0, 2, 5.78, 18446744073709551615, 0, 0, 0
1629507837, 0, 0, 3, 3, 1, 0.06%, 1, 0, 2, 5.27, 18446744073709551615, 0, 0, 0
1629507847, 0, 0, 4, 4, 1, 0.06%, 1, 0, 2, 5.59, 18446744073709551615, 0, 0, 0
1629507868, 0, 0, 5, 5, 1, 0.06%, 1, 0, 2, 5.12, 18446744073709551615, 0, 0, 0
1629507899, 0, 0, 6, 6, 1, 0.06%, 1, 0, 2, 4.67, 18446744073709551615, 0, 0, 0
1629508084, 0, 1, 6, 5, 0, 0.06%, 1, 0, 2, 3.92, 18446744073709551615, 0, 0, 0
1629508089, 0, 1, 7, 6, 0, 0.06%, 1, 0, 3, 4.14, 18446744073709551615, 0, 0, 0
1629508104, 0, 1, 8, 7, 0, 0.07%, 1, 0, 3, 3.92, 18446744073709551615, 0, 0, 0
1629508171, 0, 2, 8, 6, 6, 0.07%, 1, 0, 3, 3.98, 18446744073709551615, 0, 0, 0
1629508222, 0, 2, 9, 7, 6, 0.08%, 1, 0, 3, 3.54, 18446744073709551615, 0, 0, 0
1629508253, 0, 3, 9, 6, 6, 0.08%, 1, 0, 3, 3.87, 18446744073709551615, 0, 0, 0
1629508320, 0, 4, 9, 5, 5, 0.08%, 1, 0, 3, 3.77, 18446744073709551615, 0, 0, 0
1629508386, 0, 5, 9, 4, 4, 0.08%, 1, 0, 3, 4.04, 18446744073709551615, 0, 0, 0
1629508402, 0, 5, 10, 5, 4, 0.08%, 1, 0, 3, 3.78, 18446744073709551615, 0, 0, 0
1629508464, 0, 6, 10, 4, 3, 0.08%, 1, 0, 3, 3.79, 18446744073709551615, 0, 0, 0
1629508531, 0, 7, 10, 3, 2, 0.08%, 1, 0, 3, 3.65, 18446744073709551615, 0, 0, 0
1629508536, 0, 7, 11, 4, 2, 0.08%, 1, 0, 4, 3.81, 18446744073709551615, 0, 0, 0
1629508624, 0, 8, 11, 3, 1, 0.08%, 1, 0, 4, 3.41, 18446744073709551615, 0, 0, 0
1629508706, 1, 0, 11, 2, 0, 0.08%, 1, 0, 4, 3.26, 18446744073709551615, 0, 0, 0
1629508789, 1, 1, 11, 2, 0, 0.08%, 1, 0, 4, 3.58, 18446744073709551615, 0, 0, 0
1629508861, 1, 2, 11, 2, 0, 0.08%, 1, 0, 4, 3.66, 18446744073709551615, 0, 0, 0
1629508939, 1, 3, 11, 2, 0, 0.08%, 1, 0, 4, 3.35, 18446744073709551615, 0, 0, 0
1629509016, 1, 4, 11, 2, 0, 0.08%, 1, 0, 4, 3.33, 18446744073709551615, 0, 0, 0
1629509094, 1, 5, 11, 2, 0, 0.08%, 1, 0, 4, 3.55, 18446744073709551615, 0, 0, 0
1629509171, 1, 6, 11, 2, 0, 0.08%, 1, 0, 4, 3.47, 18446744073709551615, 0, 0, 0
1629509247, 1, 7, 11, 2, 0, 0.08%, 1, 0, 4, 3.49, 18446744073709551615, 0, 0, 0
1629509309, 1, 7, 12, 3, 0, 0.10%, 1, 0, 4, 3.02, 18446744073709551615, 0, 0, 0
