# unix_time, cycles_done, cur_path, paths_total, pending_total, pending_favs, map_size, unique_crashes, unique_hangs, max_depth, execs_per_sec, lowscore, highscore
1629595093, 0, 0, 1, 1, 1, 0.05%, 0, 0, 1, 4.78, 18446744073696792856, 18446744073696792856
1629595098, 0, 0, 1, 1, 1, 0.05%, 1, 0, 1, 4.68, 18446744073696792856, 18446744073696792856
1629595113, 1, 0, 1, 0, 0, 0.05%, 1, 0, 1, 4.68, 18446744073696792856, 18446744073696792856
1629595129, 2, 0, 1, 0, 0, 0.05%, 1, 0, 1, 4.69, 18446744073696792856, 18446744073696792856
1629595144, 3, 0, 1, 0, 0, 0.05%, 1, 0, 1, 4.73, 18446744073696792856, 18446744073696792856
1629595159, 4, 0, 1, 0, 0, 0.05%, 1, 0, 1, 4.76, 18446744073696792856, 18446744073696792856
1629595175, 5, 0, 1, 0, 0, 0.05%, 1, 0, 1, 4.80, 18446744073696792856, 18446744073696792856
1629595190, 6, 0, 1, 0, 0, 0.05%, 1, 0, 1, 4.84, 18446744073696792856, 18446744073696792856
1629595206, 7, 0, 1, 0, 0, 0.05%, 1, 0, 1, 4.78, 18446744073696792856, 18446744073696792856
1629595221, 8, 0, 1, 0, 0, 0.05%, 1, 0, 1, 4.71, 18446744073696792856, 18446744073696792856
1629595237, 9, 0, 1, 0, 0, 0.05%, 1, 0, 1, 4.68, 18446744073696792856, 18446744073696792856
1629595258, 10, 0, 1, 0, 0, 0.05%, 1, 0, 1, 4.66, 18446744073696792856, 18446744073696792856
1629595273, 11, 0, 1, 0, 0, 0.05%, 1, 0, 1, 4.59, 18446744073696792856, 18446744073696792856
1629595288, 12, 0, 1, 0, 0, 0.05%, 1, 0, 1, 4.92, 18446744073696792856, 18446744073696792856
1629595304, 13, 0, 1, 0, 0, 0.05%, 1, 0, 1, 4.72, 18446744073696792856, 18446744073696792856
1629595319, 14, 0, 1, 0, 0, 0.05%, 1, 0, 1, 4.77, 18446744073696792856, 18446744073696792856
1629595334, 15, 0, 1, 0, 0, 0.05%, 1, 0, 1, 4.67, 18446744073696792856, 18446744073696792856
1629595350, 16, 0, 1, 0, 0, 0.05%, 1, 0, 1, 4.65, 18446744073696792856, 18446744073696792856
1629595370, 17, 0, 1, 0, 0, 0.05%, 1, 0, 1, 4.56, 18446744073696792856, 18446744073696792856
1629595386, 18, 0, 1, 0, 0, 0.05%, 1, 0, 1, 4.71, 18446744073696792856, 18446744073696792856
1629595401, 19, 0, 1, 0, 0, 0.05%, 1, 0, 1, 4.60, 18446744073696792856, 18446744073696792856
1629595417, 20, 0, 1, 0, 0, 0.05%, 1, 0, 1, 4.68, 18446744073696792856, 18446744073696792856
1629595432, 21, 0, 1, 0, 0, 0.05%, 1, 0, 1, 4.62, 18446744073696792856, 18446744073696792856
1629595448, 22, 0, 1, 0, 0, 0.05%, 1, 0, 1, 4.71, 18446744073696792856, 18446744073696792856
1629595463, 23, 0, 1, 0, 0, 0.05%, 1, 0, 1, 4.81, 18446744073696792856, 18446744073696792856
1629595479, 24, 0, 1, 0, 0, 0.05%, 1, 0, 1, 4.76, 18446744073696792856, 18446744073696792856
1629595494, 25, 0, 1, 0, 0, 0.05%, 1, 0, 1, 4.69, 18446744073696792856, 18446744073696792856
1629595515, 26, 0, 1, 0, 0, 0.05%, 1, 0, 1, 4.76, 18446744073696792856, 18446744073696792856
1629595530, 27, 0, 1, 0, 0, 0.05%, 1, 0, 1, 4.65, 18446744073696792856, 18446744073696792856
1629595546, 28, 0, 1, 0, 0, 0.05%, 1, 0, 1, 4.89, 18446744073696792856, 18446744073696792856
1629595561, 29, 0, 1, 0, 0, 0.05%, 1, 0, 1, 4.86, 18446744073696792856, 18446744073696792856
1629595576, 30, 0, 1, 0, 0, 0.05%, 1, 0, 1, 4.62, 18446744073696792856, 18446744073696792856
1629595592, 31, 0, 1, 0, 0, 0.05%, 1, 0, 1, 4.75, 18446744073696792856, 18446744073696792856
1629595607, 32, 0, 1, 0, 0, 0.05%, 1, 0, 1, 4.58, 18446744073696792856, 18446744073696792856
1629595623, 33, 0, 1, 0, 0, 0.05%, 1, 0, 1, 4.73, 18446744073696792856, 18446744073696792856
1629595638, 34, 0, 1, 0, 0, 0.05%, 1, 0, 1, 4.62, 18446744073696792856, 18446744073696792856
1629595659, 35, 0, 1, 0, 0, 0.05%, 1, 0, 1, 4.70, 18446744073696792856, 18446744073696792856
1629595675, 36, 0, 1, 0, 0, 0.05%, 1, 0, 1, 4.78, 18446744073696792856, 18446744073696792856
1629595690, 37, 0, 1, 0, 0, 0.05%, 1, 0, 1, 4.67, 18446744073696792856, 18446744073696792856
1629595706, 38, 0, 1, 0, 0, 0.05%, 1, 0, 1, 5.24, 18446744073696792856, 18446744073696792856
1629595721, 39, 0, 1, 0, 0, 0.05%, 1, 0, 1, 4.70, 18446744073696792856, 18446744073696792856
1629595736, 40, 0, 1, 0, 0, 0.05%, 1, 0, 1, 4.67, 18446744073696792856, 18446744073696792856
1629595747, 40, 0, 2, 1, 0, 0.11%, 1, 0, 2, 3.86, 18446744073696792856, 18446744073696792856
1629595763, 40, 0, 2, 1, 0, 0.11%, 1, 0, 2, 3.02, 18446744073611500230, 18446744073696792856
1629595841, 40, 1, 2, 1, 1, 0.11%, 1, 0, 2, 4.36, 18446744073611500230, 18446744073696792856
1629596043, 41, 0, 2, 0, 0, 0.11%, 1, 0, 2, 4.59, 18446744073611500230, 18446744073696792856
1629596111, 41, 1, 2, 0, 0, 0.11%, 1, 0, 2, 4.63, 18446744073611500230, 18446744073696792856
1629596323, 42, 0, 2, 0, 0, 0.11%, 1, 0, 2, 4.47, 18446744073611500230, 18446744073696792856
1629596390, 42, 1, 2, 0, 0, 0.11%, 1, 0, 2, 4.28, 18446744073611500230, 18446744073696792856
1629596597, 43, 0, 2, 0, 0, 0.11%, 1, 0, 2, 5.04, 18446744073611500230, 18446744073696792856
1629596669, 43, 1, 2, 0, 0, 0.11%, 1, 0, 2, 4.47, 18446744073611500230, 18446744073696792856
1629596865, 44, 0, 2, 0, 0, 0.11%, 1, 0, 2, 4.77, 18446744073611500230, 18446744073696792856
1629596937, 44, 1, 2, 0, 0, 0.11%, 1, 0, 2, 4.28, 18446744073611500230, 18446744073696792856
1629597139, 45, 0, 2, 0, 0, 0.11%, 1, 0, 2, 4.53, 18446744073611500230, 18446744073696792856
1629597212, 45, 1, 2, 0, 0, 0.11%, 1, 0, 2, 4.25, 18446744073611500230, 18446744073696792856
1629597243, 45, 1, 3, 1, 0, 0.17%, 1, 0, 3, 3.64, 18446744073611500230, 18446744073696792856
1629597522, 45, 2, 3, 1, 1, 0.17%, 1, 0, 3, 4.88, 18446744073611500230, 18446744073696792856
1629597715, 45, 2, 4, 2, 1, 0.17%, 1, 0, 4, 3.21, 18446744073591015088, 18446744073696792856
1629597828, 45, 3, 4, 1, 0, 0.17%, 1, 0, 4, 3.72, 18446744073591015088, 18446744073696792856
1629598134, 46, 0, 4, 0, 0, 0.17%, 1, 0, 4, 4.74, 18446744073591015088, 18446744073696792856
1629598196, 46, 1, 4, 0, 0, 0.17%, 1, 0, 4, 4.44, 18446744073591015088, 18446744073696792856
1629598414, 46, 2, 4, 0, 0, 0.17%, 1, 0, 4, 4.44, 18446744073591015088, 18446744073696792856
1629598682, 46, 3, 4, 0, 0, 0.17%, 1, 0, 4, 4.19, 18446744073591015088, 18446744073696792856
1629598976, 47, 0, 4, 0, 0, 0.17%, 1, 0, 4, 4.66, 18446744073591015088, 18446744073696792856
1629599037, 47, 1, 4, 0, 0, 0.17%, 1, 0, 4, 4.78, 18446744073591015088, 18446744073696792856
1629599223, 47, 1, 5, 1, 0, 0.18%, 2, 0, 4, 4.29, 18446744073591015088, 18446744073696792856
1629599279, 47, 2, 5, 1, 0, 0.18%, 2, 0, 4, 4.27, 18446744073591015088, 18446744073696792856
1629599547, 47, 3, 5, 1, 0, 0.18%, 2, 0, 4, 4.25, 18446744073591015088, 18446744073696792856
1629599682, 47, 3, 6, 2, 0, 0.20%, 2, 0, 5, 3.63, 18446744073591015088, 18446744073696792856
1629599853, 47, 4, 6, 2, 1, 0.20%, 2, 0, 5, 4.52, 18446744073591015088, 18446744073696792856
1629599987, 47, 5, 6, 1, 0, 0.20%, 2, 0, 5, 4.58, 18446744073591015088, 18446744073696792856
1629599992, 47, 5, 7, 2, 0, 0.20%, 2, 0, 6, 3.65, 18446744073591015088, 18446744073696792856
1629599998, 47, 5, 7, 2, 0, 0.20%, 2, 0, 6, 4.09, 18446744073528435520, 18446744073696792856
1629600055, 47, 5, 7, 2, 0, 0.20%, 3, 0, 6, 3.82, 18446744073528435520, 18446744073696792856
1629600279, 47, 5, 8, 3, 0, 0.21%, 3, 0, 6, 3.98, 18446744073528435520, 18446744073696792856
1629600399, 47, 6, 8, 2, 0, 0.21%, 3, 0, 6, 4.33, 18446744073528435520, 18446744073696792856
1629600621, 47, 6, 9, 3, 0, 0.21%, 3, 0, 7, 3.81, 18446744073528435520, 18446744073696792856
1629600708, 47, 7, 9, 2, 0, 0.21%, 3, 0, 7, 4.36, 18446744073528435520, 18446744073696792856
1629601014, 47, 8, 9, 1, 0, 0.21%, 3, 0, 7, 3.79, 18446744073528435520, 18446744073696792856
1629601317, 48, 0, 9, 0, 0, 0.21%, 3, 0, 7, 4.49, 18446744073528435520, 18446744073696792856
1629601378, 48, 1, 9, 0, 0, 0.21%, 3, 0, 7, 4.51, 18446744073528435520, 18446744073696792856
1629601605, 48, 2, 9, 0, 0, 0.21%, 3, 0, 7, 4.29, 18446744073528435520, 18446744073696792856
1629601874, 48, 3, 9, 0, 0, 0.21%, 3, 0, 7, 3.72, 18446744073528435520, 18446744073696792856
1629602171, 48, 4, 9, 0, 0, 0.21%, 3, 0, 7, 4.56, 18446744073528435520, 18446744073696792856
1629602310, 48, 5, 9, 0, 0, 0.21%, 3, 0, 7, 4.18, 18446744073528435520, 18446744073696792856
1629602460, 48, 5, 10, 1, 0, 0.26%, 3, 0, 7, 3.22, 18446744073528435520, 18446744073696792856
1629602475, 48, 5, 10, 1, 0, 0.26%, 3, 0, 7, 3.36, 18446744073486650520, 18446744073696792856
1629602635, 48, 6, 10, 1, 0, 0.26%, 3, 0, 7, 4.35, 18446744073486650520, 18446744073696792856
1629602936, 48, 7, 10, 1, 0, 0.26%, 3, 0, 7, 3.98, 18446744073486650520, 18446744073696792856
1629603230, 48, 8, 10, 1, 0, 0.26%, 3, 0, 7, 3.89, 18446744073486650520, 18446744073696792856
1629603526, 48, 9, 10, 1, 0, 0.26%, 3, 0, 7, 4.02, 18446744073486650520, 18446744073696792856
1629603624, 48, 9, 11, 2, 0, 0.27%, 3, 0, 7, 2.90, 18446744073142806716, 18446744073696792856
1629603630, 48, 9, 12, 3, 0, 0.27%, 3, 0, 7, 3.01, 18446744073142806716, 18446744073696792856
1629603719, 48, 9, 13, 4, 0, 0.28%, 3, 0, 7, 3.25, 18446744073142806716, 18446744073696792856
1629603900, 48, 9, 14, 5, 0, 0.28%, 3, 0, 7, 3.17, 18446744073142806716, 18446744073696792856
1629603988, 49, 0, 14, 4, 0, 0.28%, 3, 0, 7, 4.49, 18446744073142806716, 18446744073696792856
1629604045, 49, 2, 14, 4, 0, 0.28%, 3, 0, 7, 4.47, 18446744073142806716, 18446744073696792856
1629604318, 49, 4, 14, 4, 0, 0.28%, 3, 0, 7, 4.79, 18446744073142806716, 18446744073696792856
1629604410, 49, 11, 14, 4, 0, 0.28%, 3, 0, 7, 4.28, 18446744073142806716, 18446744073696792856
1629604493, 49, 11, 15, 5, 0, 0.29%, 3, 0, 8, 3.60, 18446744073142806716, 18446744073696792856
1629604556, 49, 11, 16, 6, 0, 0.29%, 3, 0, 8, 3.28, 18446744073142806716, 18446744073696792856
1629604866, 49, 14, 16, 5, 0, 0.29%, 3, 0, 8, 4.04, 18446744073142806716, 18446744073696792856
1629604991, 49, 14, 17, 6, 0, 0.30%, 3, 0, 9, 3.64, 18446744073142806716, 18446744073696792856
1629605208, 50, 0, 17, 5, 0, 0.30%, 3, 0, 9, 4.06, 18446744073142806716, 18446744073696792856
1629605271, 50, 2, 17, 5, 0, 0.30%, 3, 0, 9, 4.22, 18446744073142806716, 18446744073696792856
1629605597, 50, 4, 17, 5, 0, 0.30%, 3, 0, 9, 4.23, 18446744073142806716, 18446744073696792856
1629605705, 50, 12, 17, 5, 0, 0.30%, 3, 0, 9, 4.00, 18446744073142806716, 18446744073696792856
1629606001, 50, 12, 17, 5, 0, 0.30%, 4, 0, 9, 3.86, 18446744073142806716, 18446744073696792856
1629606037, 50, 16, 17, 4, 0, 0.30%, 4, 0, 9, 4.31, 18446744073142806716, 18446744073696792856
1629606359, 51, 0, 17, 3, 0, 0.30%, 4, 0, 9, 4.60, 18446744073142806716, 18446744073696792856
1629606421, 51, 2, 17, 3, 0, 0.30%, 4, 0, 9, 4.43, 18446744073142806716, 18446744073696792856
1629606705, 51, 4, 17, 3, 0, 0.30%, 4, 0, 9, 5.02, 18446744073142806716, 18446744073696792856
1629606798, 52, 0, 17, 3, 0, 0.30%, 4, 0, 9, 4.96, 18446744073142806716, 18446744073696792856
1629606854, 52, 2, 17, 3, 0, 0.30%, 4, 0, 9, 4.67, 18446744073142806716, 18446744073696792856
1629607130, 52, 4, 17, 3, 0, 0.30%, 4, 0, 9, 4.78, 18446744073142806716, 18446744073696792856
1629607223, 52, 5, 17, 3, 0, 0.30%, 4, 0, 9, 4.24, 18446744073142806716, 18446744073696792856
1629607538, 52, 12, 17, 3, 0, 0.30%, 4, 0, 9, 3.88, 18446744073142806716, 18446744073696792856
1629607855, 53, 0, 17, 3, 0, 0.30%, 4, 0, 9, 4.50, 18446744073142806716, 18446744073696792856
1629607917, 53, 2, 17, 3, 0, 0.30%, 4, 0, 9, 4.78, 18446744073142806716, 18446744073696792856
1629608203, 53, 4, 17, 3, 0, 0.30%, 4, 0, 9, 4.60, 18446744073142806716, 18446744073696792856
1629608290, 54, 0, 17, 3, 0, 0.30%, 4, 0, 9, 4.77, 18446744073142806716, 18446744073696792856
1629608352, 54, 2, 17, 3, 0, 0.30%, 4, 0, 9, 4.37, 18446744073142806716, 18446744073696792856
1629608626, 54, 4, 17, 3, 0, 0.30%, 4, 0, 9, 4.73, 18446744073142806716, 18446744073696792856
1629608719, 55, 0, 17, 3, 0, 0.30%, 4, 0, 9, 4.90, 18446744073142806716, 18446744073696792856
1629608776, 55, 2, 17, 3, 0, 0.30%, 4, 0, 9, 4.84, 18446744073142806716, 18446744073696792856
1629609061, 55, 4, 17, 3, 0, 0.30%, 4, 0, 9, 4.28, 18446744073142806716, 18446744073696792856
1629609149, 55, 15, 17, 3, 0, 0.30%, 4, 0, 9, 4.62, 18446744073142806716, 18446744073696792856
