# unix_time, cycles_done, cur_path, paths_total, pending_total, pending_favs, map_size, unique_crashes, unique_hangs, max_depth, execs_per_sec, lowscore, highscore, regression, patch_dist
1629592125, 0, 0, 1, 1, 1, 0.04%, 0, 0, 1, 5.48, 22, 22, 2, 0
1629592130, 0, 0, 1, 1, 1, 0.04%, 1, 0, 1, 5.02, 22, 22, 0, 0
1629592146, 1, 0, 1, 0, 0, 0.04%, 1, 0, 1, 4.73, 22, 22, 0, 0
1629592161, 2, 0, 1, 0, 0, 0.04%, 1, 0, 1, 4.79, 22, 22, 0, 0
1629592177, 3, 0, 1, 0, 0, 0.04%, 1, 0, 1, 4.83, 22, 22, 0, 0
1629592192, 4, 0, 1, 0, 0, 0.04%, 1, 0, 1, 4.83, 22, 22, 0, 0
1629592197, 4, 0, 2, 1, 0, 0.07%, 1, 0, 2, 3.79, 22, 22, 0, 0
1629592213, 4, 0, 2, 1, 0, 0.07%, 1, 0, 2, 2.33, 22, 55, 0, 0
1629592244, 4, 0, 3, 2, 0, 0.08%, 1, 0, 2, 3.63, 22, 55, 0, 0
1629592254, 4, 0, 4, 3, 0, 0.10%, 1, 0, 2, 3.18, 22, 55, 0, 0
1629592270, 4, 0, 4, 3, 0, 0.10%, 1, 0, 2, 2.17, 22, 61, 0, 0
1629592275, 4, 0, 5, 4, 0, 0.11%, 1, 0, 2, 2.73, 22, 61, 0, 0
